step,slice0:throughputs,slice1:throughputs,slice0:drop_rates,slice1:drop_rates,slice0:death_rates,slice1:death_rates,slice0:queue_sizes,slice1:queue_sizes,slice0:urgent_packets,slice1:urgent_packets,slice0:latency_per_packet,slice1:latency_per_packet,learner:throughputs,learner:queue_sizes
0,6802,8182,0,0,0,0,0.49031466666666595,0.1649153333333333,0.0,0.0,87.8240067765568,27.44677535797537,342,329.17
0,7647,8131,475,0,0,108,0.8869826666666668,0.14059200000000008,0.0,0.376,171.16025589133102,23.6452637640138,342,987.17
0,8938,6555,137,0,0,1973,0.43108866666666695,0.2894846666666666,0.0,3.798,76.93721784604288,46.150353954378986,342,1474.074
0,7223,7438,0,0,0,1598,0.4370546666666666,0.21023133333333324,0.0,2.591,73.02538285603283,30.829602533577543,342,1499.658
0,8387,5844,359,0,0,2043,0.4390113333333341,0.2541026666666664,0.0,3.504,78.12872187534693,40.040515331890354,342,1499.658
0,7155,5599,0,0,0,3402,0.09657999999999993,0.32575200000000004,0.0,5.623,16.614662495837496,46.625055996781,342,1499.658
0,8434,7221,0,0,0,771,0.46255733333333343,0.2260759999999998,0.0,1.465,83.73849308191807,35.87877254134756,342,1499.658
0,8541,5326,0,0,0,3150,0.2084313333333331,0.3074026666666662,0.0,5.52,34.88775737318239,45.1747387140637,342,1499.658
0,7829,6477,0,0,0,2021,0.21345466666666654,0.29337266666666645,0.0,3.85,35.88172080697079,45.81121710789214,342,1499.658
0,7326,6685,0,0,0,2311,0.09677266666666666,0.31648600000000016,0.0,4.628,15.034809626484629,50.08185894383396,342,1499.658
0,7525,6847,174,0,0,1123,0.618057333333334,0.17000799999999966,0.0,2.099,107.55501525419021,25.288167354867362,342,1499.658
0,6591,6285,953,0,0,2787,0.4169773333333338,0.21835133333333326,0.0,3.822,68.08537941502942,27.638496808746797,342,1499.658
0,5651,8077,2431,0,0,323,0.8792906666666679,0.0950993333333333,0.0,0.688,227.06031648906634,15.723326920301947,342,1499.658
0,7236,7331,795,0,0,983,0.5692326666666669,0.17988133333333345,0.0,1.923,109.86182275224779,28.546965534465517,342,1499.658
0,8008,5895,281,0,0,2394,0.4712013333333336,0.24000333333333385,0.0,3.853,90.50212733377727,34.1692844849595,342,1499.658
0,8722,6159,185,0,0,2018,0.551618,0.2525433333333331,0.0,3.27,99.21202408147418,38.78485675158174,342,1499.658
0,7052,7148,553,0,0,1364,0.5006180000000005,0.1998913333333336,0.0,2.36,94.25585808080812,31.255103529803517,342,1499.658
0,7837,7074,440,0,0,1716,0.5205660000000002,0.19824199999999986,0.0,2.576,90.87324665612172,27.646275416250425,342,1499.658
0,7493,7089,245,0,0,1104,0.5014913333333335,0.18177066666666655,0.0,1.716,93.59096147186143,27.122064824064825,342,1499.658
0,5304,8365,1800,0,0,706,0.675144000000002,0.09275733333333314,0.0,1.112,154.64297292984793,13.478890090465086,342,1499.658
0,3626,8494,4263,0,0,0,0.9817400000000023,0.02297066666666667,0.0,0.0,275.80762692030186,3.6485847180597197,342,1499.658
0,3341,8504,4591,0,0,0,0.9963093333333342,0.0018393333333333334,0.0,0.0,376.9588599206347,0.33364886224886237,342,1499.658
0,2163,8609,5834,0,0,0,0.998494666666666,0.0003266666666666667,0.0,0.0,337.78973849206363,0.055565021090021115,342,1499.658
0,2868,8655,5156,0,0,0,0.9966473333333344,0.0023739999999999985,0.0,0.0,360.9695468531471,0.4178091047841048,342,1499.658
0,2819,8520,5141,0,0,0,0.9976026666666667,0.000985333333333334,0.0,0.0,352.94085746753245,0.16948135475635467,342,1499.658
0,3156,8532,4881,0,0,0,0.996016666666668,0.002184666666666665,0.0,0.0,387.42600053557555,0.3873158091908092,342,1499.658
0,2398,8459,5653,0,0,0,0.998324666666667,0.0003253333333333334,0.0,0.0,372.5934682539685,0.05404636752136751,342,1499.658
0,3409,8563,4647,0,0,0,0.9928806666666692,0.007071333333333328,0.0,0.0,362.1756903152403,1.2432954795204787,342,1499.658
0,6579,7798,2029,0,0,200,0.9182306666666671,0.10634600000000012,0.0,0.467,234.6812363553114,17.649059715284707,342,1499.658
0,8379,6553,80,0,0,2266,0.41870733333333315,0.2924299999999999,0.0,4.089,73.86142038517039,43.79717691752689,342,1499.658
0,6328,7892,1193,0,0,143,0.8490826666666682,0.11477000000000007,0.0,0.608,164.78772729215237,19.017961427461433,342,1499.658
0,8003,7497,555,0,0,1042,0.6866946666666668,0.1843226666666666,0.0,1.929,131.44331145243652,28.484565770340765,342,1499.658
0,7504,7275,721,0,0,1338,0.596555999999999,0.21718266666666602,0.0,2.753,118.25480668775648,34.41080327172826,342,1499.658
0,5435,8479,1638,0,0,207,0.7506286666666667,0.11107600000000004,0.0,0.491,161.80033044733065,18.574658097458087,342,1499.658
0,6946,7609,808,0,0,821,0.6466386666666673,0.17211866666666656,0.0,1.692,130.15472895992897,29.405445565545566,342,1499.658
0,5915,8261,2179,0,0,357,0.8942580000000018,0.10864799999999997,0.0,0.807,198.9710101121101,17.15913532023532,342,1499.658
0,8685,7258,0,0,0,904,0.7165673333333331,0.29395599999999966,0.0,2.66,136.3628187645687,49.71516692474192,342,1499.658
0,7968,7574,0,0,0,856,0.5123439999999995,0.21912999999999988,0.0,2.11,90.75863305305803,36.59185681540681,342,1499.658
0,5585,8520,1776,0,0,229,0.8192120000000026,0.10640599999999979,0.0,0.963,192.80525377955357,18.97448094128096,342,1499.658
0,8103,6912,1019,0,0,1491,0.6221540000000007,0.23654999999999984,0.0,3.138,134.7391115467866,39.26676842879342,342,1499.658
0,6165,8647,409,0,0,335,0.5714406666666666,0.08919066666666649,0.0,0.568,99.92395259462765,13.408485400710406,342,1499.658
0,4705,8376,3315,0,0,66,0.9319166666666675,0.09099666666666657,0.0,0.24,230.79329258519263,15.76384214951714,342,1499.658
0,9299,5023,179,0,0,2976,0.24014533333333313,0.33237600000000017,0.0,5.31,76.52219204406698,48.62001648629146,342,1499.658
0,6002,8730,509,0,0,281,0.6453520000000007,0.1284000000000001,0.0,0.615,110.93233237318233,20.830094219669217,342,1499.658
0,8306,5501,679,0,0,2758,0.38180066666666607,0.28950933333333356,0.0,4.327,77.82309656454647,40.34372806637807,342,1499.658
0,6877,8637,92,0,0,66,0.46840466666666664,0.14346000000000003,0.0,0.193,82.27374807969805,25.34838725996223,342,1499.658
0,8718,6079,0,0,0,2365,0.29383599999999976,0.32127933333333325,0.0,5.169,52.95723492340988,49.58727255799756,342,1499.658
0,8694,6056,0,0,0,1714,0.09475000000000008,0.31765266666666614,0.0,4.151,18.155274222999225,53.483947219447224,342,1499.658
0,7452,5860,0,0,0,2661,0.32785000000000003,0.2947606666666663,0.0,4.509,53.89169709179708,42.116491955266916,342,1499.658
0,7527,6382,0,0,0,2812,0.17349466666666669,0.3137400000000002,0.0,4.621,31.648501812076823,47.708132897657904,342,1499.658
0,8813,4715,0,0,0,3530,0.15749599999999955,0.3451073333333338,0.0,5.692,29.158242962592954,48.38966573981573,342,1499.658
0,8123,6143,0,0,0,2208,0.2361979999999998,0.2844813333333328,0.0,4.244,40.61241156066155,44.18006797924295,342,1499.658
0,8074,6144,0,0,0,2217,0.35764799999999963,0.23821199999999992,0.0,3.145,62.99604293206787,30.552290836940823,342,1499.658
0,7948,6253,0,0,0,2347,0.26909000000000005,0.2909986666666664,0.0,3.824,47.816990362415346,41.74885258630259,342,1499.658
0,7843,6386,0,0,0,2115,0.16916200000000003,0.30912666666666666,0.0,4.051,28.281131887556906,47.071343084693105,342,1499.658
0,7136,6902,22,0,0,1854,0.37485600000000013,0.2581379999999999,0.0,3.05,62.52149071761573,37.82561249861251,342,1499.658
0,4842,8497,2710,0,0,413,0.8465673333333348,0.11200799999999991,0.0,0.697,174.27662400099896,17.745821911421917,342,1499.658
0,2063,8537,5902,0,0,0,0.9955626666666667,0.004326666666666667,0.0,0.0,302.8299262987012,0.7549602786102789,342,1499.658
0,2221,8429,5698,0,0,0,0.9910039999999989,0.0072499999999999995,0.0,0.0,480.223947915973,1.3398333749583753,342,1499.658
0,1723,8427,6394,0,0,0,0.9988386666666662,1.7333333333333332e-05,0.0,0.0,338.8484404761905,0.002798953823953824,342,1499.658
0,1186,8512,6884,0,0,0,0.9991999999999984,1.3333333333333333e-05,0.0,0.0,476.2420833333334,0.002208008658008658,342,1499.658
0,3025,8254,4981,0,0,22,0.9582466666666669,0.04807333333333333,0.0,0.145,509.5030631701631,7.898077516927517,342,1499.658
0,8558,7045,38,0,0,1334,0.6998033333333327,0.2565579999999995,0.0,2.479,121.89353709068712,38.74032688145184,342,1499.658
0,8733,5800,0,0,0,2441,0.2004460000000001,0.31770599999999943,0.0,4.113,36.18483655233654,47.7130442141192,342,1499.658
0,7519,6318,0,0,0,2203,0.14725400000000002,0.3231079999999996,0.0,4.645,23.033939352314338,49.645454828504846,342,1499.658
0,8154,6833,0,0,0,2147,0.14394266666666655,0.34021666666666667,0.0,4.204,25.799323548673552,53.75001338106341,342,1499.658
0,7785,7145,0,0,0,1112,0.39226666666666704,0.19582666666666648,0.0,1.779,69.03522962870461,27.499672238872275,342,1499.658
0,8305,5234,0,0,0,3389,0.12550266666666646,0.3520993333333334,0.0,6.26,23.567823523698525,51.34236338106335,342,1499.658
0,7940,6432,0,0,0,2157,0.10560399999999999,0.3184866666666672,0.0,4.08,18.337940179265185,48.512009576534595,342,1499.658
0,8022,6902,0,0,0,1521,0.2012013333333331,0.2722006666666663,0.0,2.638,35.82515885503381,40.05715405427904,342,1499.658
0,8285,6364,0,0,0,2013,0.13328066666666674,0.32593666666666604,0.0,4.643,22.46958324730824,50.302172072372116,342,1499.658
0,8028,3984,0,0,0,4429,0.006934666666666658,0.38775400000000015,0.0,7.616,1.2925838023088005,59.5101570707071,342,1499.658
0,7302,7816,0,0,0,1007,0.35423733333333324,0.22131600000000023,0.0,1.469,56.11292673160168,32.43712212787208,342,1499.658
0,8872,5573,0,0,0,2589,0.12508666666666668,0.32270866666666637,0.0,5.072,23.269981887556888,50.3876548035298,342,1499.658
0,7370,7806,0,0,0,1336,0.2943933333333334,0.24409466666666696,0.0,2.53,50.953985356310355,38.185894350094316,342,1499.658
0,8544,5508,0,0,0,2619,0.14208799999999988,0.3382706666666665,0.0,4.795,26.640233802308828,53.34885173715173,342,1499.658
0,8052,5847,0,0,0,2623,0.08931466666666667,0.3400779999999996,0.0,5.073,15.738814740814744,55.421140051615026,342,1499.658
0,8068,6934,0,0,0,1493,0.200380666666667,0.3125379999999999,0.0,3.087,34.00415902985903,52.32212388999886,342,1499.658
0,7417,8083,0,0,0,946,0.2056159999999999,0.28766600000000003,0.0,3.074,35.20550007492507,49.31431232378729,342,1499.658
0,7539,7991,0,0,0,319,0.47880466666666677,0.19925066666666638,0.0,0.9,82.93939732767227,33.709325166500165,342,1499.658
0,7828,8062,0,0,0,630,0.6387986666666661,0.2963346666666664,0.0,1.702,113.72073310578324,48.70556811521804,342,1499.658
0,7434,7585,1012,0,0,483,0.8059159999999985,0.2424019999999999,0.0,1.455,163.6594137584639,41.763286918636894,342,1499.658
0,7369,7684,342,0,0,944,0.5149066666666666,0.22341533333333313,0.0,2.892,92.06286635864134,38.16974849039845,342,1499.658
0,8490,6510,512,0,0,1915,0.6009453333333337,0.26336533333333306,0.0,3.624,118.67511912809412,42.71945740925742,342,1499.658
0,5387,8636,1385,0,0,63,0.7445626666666673,0.07106666666666674,0.0,0.178,160.89972778887753,12.609506282606274,342,1499.658
0,7275,7623,1381,0,0,763,0.8425960000000023,0.17946666666666639,0.0,1.573,180.7919759601512,28.375266555666556,342,1499.658
0,7839,7432,0,0,0,1174,0.35782733333333305,0.23385066666666668,0.0,3.242,59.98263490675994,39.390853424353416,342,1499.658
0,7243,6274,155,0,0,2624,0.21813666666666673,0.2928379999999996,0.0,5.081,31.590320823620846,46.81630084082583,342,1499.658
0,4983,8117,3366,0,0,0,0.9837200000000009,0.02088600000000001,0.0,0.0,275.7435790570536,3.4071574064824057,342,1499.658
0,7398,7533,632,0,0,816,0.6841999999999998,0.187978666666667,0.0,2.244,136.406612079587,32.73020827505825,342,1499.658
0,5816,8798,1678,0,0,49,0.8980586666666683,0.1358440000000001,0.0,0.27,215.80916583416575,24.06080256965256,342,1499.658
0,4430,8489,3513,0,0,0,0.992076000000002,0.010772666666666682,0.0,0.0,244.20330478410472,1.9069172188922188,342,1499.658
0,4219,8306,3862,0,0,0,0.9952833333333335,0.0024293333333333307,0.0,0.0,294.24402554112544,0.4381229797979798,342,1499.658
0,3353,8631,4747,0,0,0,0.9976693333333345,0.00023400000000000019,0.0,0.0,397.462753174603,0.038156132756132756,342,1499.658
0,2573,8568,5420,0,0,0,0.9982793333333368,3.1333333333333334e-05,0.0,0.0,391.26246190476166,0.0049265151515151505,342,1499.658
0,1768,8508,6178,0,0,0,0.998812666666666,2.133333333333333e-05,0.0,0.0,468.98763214285725,0.0035133477633477635,342,1499.658
0,921,8487,7172,0,0,0,0.9993839999999975,2.6666666666666664e-06,0.0,0.0,372.8720833333333,0.0005492424242424242,342,1499.658
0,802,8567,7156,0,0,0,0.9994666666666628,4.666666666666667e-06,0.0,0.0,503.97728333333345,0.000756818181818182,342,1499.658
0,937,8502,7106,0,0,0,0.9993733333333307,4e-06,0.0,0.0,685.3183666666665,0.000542929292929293,342,1499.658
0,1040,8523,7005,0,0,0,0.999295333333332,2.8000000000000003e-05,0.0,0.0,656.7889083333333,0.004220382395382395,342,1499.658
0,6873,8313,1167,0,0,0,0.9341760000000017,0.12263866666666666,0.0,0.0,313.8979666139418,21.67914593462094,342,1499.658
0,8545,7440,110,0,0,750,0.6537306666666676,0.33285799999999965,0.0,2.822,124.30185834165835,58.63257671495176,342,1499.658
0,8248,7667,0,0,0,637,0.5676899999999998,0.32308733333333384,0.0,2.648,100.90378415750907,55.018022913197996,342,1499.658
0,8123,7773,0,0,0,749,0.5703353333333324,0.31945533333333304,0.0,2.264,101.99484626484626,54.27966742146741,342,1499.658
0,8017,7356,0,0,0,1138,0.5131273333333335,0.2444433333333331,0.0,3.36,85.22251965256963,39.966027647352625,342,1499.658
0,8017,7406,0,0,0,1448,0.4572499999999997,0.2871466666666666,0.0,3.34,78.78507624042611,45.826084737484784,342,1499.658
0,8634,6696,0,0,0,1473,0.16368199999999988,0.35405933333333356,0.0,5.468,30.47627508602508,61.88477982850483,342,1499.658
0,7886,6333,0,0,0,2371,0.18543866666666656,0.3225573333333326,0.0,4.645,28.512363417138403,51.45116831779337,342,1499.658
0,7954,7013,0,0,0,1172,0.32910866666666705,0.2516120000000001,0.0,3.307,57.446388036963,41.88638308635811,342,1499.658
0,7892,7546,0,0,0,972,0.27960533333333365,0.30575200000000047,0.0,3.7,48.74775273892773,50.92488944666441,342,1499.658
0,8220,6291,0,0,0,2137,0.15052133333333323,0.33023066666666656,0.0,5.556,25.207914085914087,57.61922826062823,342,1499.658
0,8193,7269,0,0,0,1198,0.1698659999999998,0.32280466666666585,0.0,3.788,30.625308877233874,57.04568603341104,342,1499.658
0,8109,7039,0,0,0,1325,0.23588666666666647,0.26520199999999994,0.0,3.131,39.62787350427353,42.440143997669004,342,1499.658
0,8033,6385,0,0,0,2110,0.109012,0.3216740000000002,0.0,4.407,19.28182807747808,51.5122411921412,342,1499.658
0,7885,5714,0,0,0,2788,0.061616000000000073,0.3476813333333324,0.0,6.068,11.222617574092583,53.43850807248304,342,1499.658
0,8006,4302,0,0,0,4205,0.008964000000000003,0.38911066666666694,0.0,7.451,1.7132364441114432,57.91247001332,342,1499.658
0,8008,3529,0,0,0,5018,0.001175333333333333,0.39872066666666667,0.0,8.37,0.2178540043290043,57.46035598845599,342,1499.658
0,8076,6846,0,0,0,1617,0.2402059999999998,0.2514939999999995,0.0,2.938,42.11721820679324,36.043478074703074,342,1499.658
0,8117,6313,0,0,0,2174,0.2522939999999997,0.2652793333333332,0.0,3.959,39.38881165223663,35.20524784104785,342,1499.658
0,8101,7179,0,0,0,1310,0.1966146666666665,0.2810186666666668,0.0,2.938,33.504697172272216,43.84745030525034,342,1499.658
0,7682,6391,0,0,0,2266,0.04067933333333332,0.3762153333333335,0.0,6.711,5.928658283383286,63.80929906759907,342,1499.658
0,8233,6873,0,0,0,1473,0.14964800000000006,0.29016933333333295,0.0,3.248,25.58758074703076,43.80354029304027,342,1499.658
0,7443,6758,0,0,0,2511,0.11359199999999986,0.32465333333333346,0.0,5.328,18.480655311355314,49.930848987123994,342,1499.658
0,8302,5214,0,0,0,2877,0.07625466666666669,0.33627533333333276,0.0,4.29,13.743918772893787,44.999761394161375,342,1499.658
0,8342,6127,0,0,0,2120,0.12559866666666664,0.30878133333333335,0.0,4.715,19.239112623487618,46.73707472249973,342,1499.658
0,8067,5437,0,0,0,3051,0.1025346666666665,0.33413000000000026,0.0,5.724,16.847781668331667,50.07528827561327,342,1499.658
0,8057,5974,0,0,0,2444,0.09622933333333324,0.3210406666666674,0.0,4.861,16.339599802974803,48.014706027306026,342,1499.658
0,7453,6084,0,0,0,2697,0.15557466666666656,0.30400399999999983,0.0,5.074,26.434756268731242,45.55130328560329,342,1499.658
0,8446,6535,0,0,0,1639,0.16700266666666638,0.3207599999999999,0.0,4.755,26.12226205183706,50.300172105672125,342,1499.658
0,7316,7051,0,0,0,1519,0.30631066666666684,0.23209599999999972,0.0,2.687,48.08682665112665,34.37576042013539,342,1499.658
0,7814,8084,0,0,0,786,0.4628726666666667,0.23248933333333335,0.0,2.005,84.3541081529581,39.14146368076374,342,1499.658
0,7369,8052,728,0,0,87,0.7614266666666666,0.18785000000000027,0.0,0.411,141.76369962259952,32.84550048562547,342,1499.658
0,7697,8067,391,0,0,388,0.7673593333333343,0.2732473333333334,0.0,2.222,139.72873559773555,48.12750887445887,342,1499.658
0,6689,8476,1138,0,0,78,0.8532726666666673,0.1801293333333333,0.0,0.482,163.5781123348874,32.20483524808524,342,1499.658
0,7997,8000,0,0,0,283,0.804632666666668,0.33805866666666634,0.0,2.534,150.80895996503486,60.04541065046067,342,1499.658
0,7397,8563,335,0,0,82,0.9133573333333331,0.30680866666666645,0.0,0.858,171.56100931013444,54.12442232489735,342,1499.658
0,7285,8692,753,0,0,0,0.954548666666669,0.13406933333333315,0.0,0.0,193.19319189144196,23.606626592851576,342,1499.658
0,7163,8802,767,0,0,0,0.9700133333333351,0.14525399999999994,0.0,0.0,190.90935347430354,25.042292851592844,342,1499.658
0,7239,8416,748,0,0,0,0.9800833333333336,0.0348906666666667,0.0,0.0,204.46956976911966,6.180978524253523,342,1499.658
0,6620,8587,1321,0,0,0,0.9885446666666682,0.013838666666666643,0.0,0.0,210.88725638528157,2.4116794927294922,342,1499.658
0,6785,8507,1244,0,0,0,0.9918846666666665,0.008244666666666655,0.0,0.0,223.7847009018759,1.461375815850816,342,1499.658
0,6888,8489,1163,0,0,0,0.9905466666666681,0.011163999999999995,0.0,0.0,209.45586378066375,1.9496846209346186,342,1499.658
0,4314,8484,3695,0,0,0,0.9961480000000006,0.001129333333333333,0.0,0.0,290.4831867604616,0.1942675685425686,342,1499.658
0,3151,8492,4811,0,0,0,0.9978320000000036,7.466666666666669e-05,0.0,0.0,379.66392500000006,0.012264430014430014,342,1499.658
0,1084,8602,6987,0,0,0,0.9992739999999971,6e-06,0.0,0.0,312.05613333333326,0.0009690476190476191,342,1499.658
0,867,8497,7181,0,0,0,0.9994219999999981,0.0,0.0,0.0,529.3317333333332,0.0,342,1499.658
0,2197,8491,5885,0,0,0,0.9985326666666688,3.7333333333333344e-05,0.0,0.0,782.1348595238102,0.005673989898989898,342,1499.658
0,7146,8311,797,0,0,0,0.9809099999999993,0.0663793333333333,0.0,0.0,248.3106562409814,11.669653643578645,342,1499.658
0,7384,8457,719,0,0,0,0.9328266666666678,0.15399133333333329,0.0,0.0,189.2937838383839,27.126944899544892,342,1499.658
0,8026,7969,62,0,0,421,0.8689073333333336,0.33951466666666685,0.0,2.639,162.90990704018202,59.29125496170498,342,1499.658
0,8169,7824,0,0,0,608,0.764892,0.3787079999999997,0.0,4.752,144.02714976967485,66.70341343656351,342,1499.658
0,7882,8096,0,0,0,517,0.6801500000000004,0.3536986666666665,0.0,3.002,124.81611838161842,62.622522699522705,342,1499.658
0,7786,8210,0,0,0,357,0.7548880000000007,0.37444399999999994,0.0,3.173,141.12073414363414,65.29684172771675,342,1499.658
0,8026,7955,122,0,0,442,0.8653913333333323,0.36643266666666663,0.0,3.546,160.94874124209124,64.76568320568323,342,1499.658
0,8163,7837,0,0,0,711,0.7416733333333344,0.3913966666666674,0.0,5.956,138.32084814074818,68.74996130258639,342,1499.658
0,8041,7935,0,0,0,678,0.6926653333333328,0.3805440000000004,0.0,4.558,126.67415104895113,66.21461111666116,342,1499.658
0,8088,7905,0,0,0,508,0.6689833333333334,0.37280666666666623,0.0,4.152,123.68860180375188,66.62855379620379,342,1499.658
0,7796,8191,0,0,0,185,0.6938493333333332,0.3550820000000003,0.0,1.953,129.36322983960483,63.58075824453324,342,1499.658
0,8216,7782,0,0,0,723,0.6381539999999996,0.3779153333333337,0.0,5.33,119.34062495005003,66.79664060106562,342,1499.658
0,8016,7947,0,0,0,358,0.6195613333333352,0.34393600000000013,0.0,3.164,111.29026816239309,61.72635002775,342,1499.658
0,8010,7966,0,0,0,443,0.594978,0.3587060000000004,0.0,4.397,108.76798639693635,63.63932223609721,342,1499.658
0,7813,8166,0,0,0,625,0.5401826666666664,0.37071933333333307,0.0,4.554,99.5116634171385,65.34795229215227,342,1499.658
0,8326,7672,0,0,0,597,0.5131660000000007,0.3676093333333336,0.0,3.787,95.55343916916425,64.70389309856807,342,1499.658
0,8064,7936,0,0,0,485,0.5091860000000004,0.38472133333333336,0.0,5.466,95.11445191197689,68.50208885281393,342,1499.658
0,8149,7831,0,0,0,727,0.4332466666666667,0.37672599999999967,0.0,4.822,79.21617866855361,65.78775498112998,342,1499.658
0,8280,7720,0,0,0,830,0.35278866666666686,0.3919966666666669,0.0,6.663,65.38481914751915,68.73085210622713,342,1499.658
0,7903,8083,0,0,0,595,0.28582400000000013,0.3664513333333338,0.0,4.093,52.546755100455115,64.09448447108447,342,1499.658
0,7992,7985,0,0,0,453,0.25611133333333325,0.352606666666667,0.0,3.269,47.44480176212676,62.924802361527384,342,1499.658
0,8035,7961,0,0,0,463,0.24305066666666716,0.36185933333333337,0.0,2.413,45.675632301032316,63.878071195471215,342,1499.658
0,8015,7975,0,0,0,385,0.2447073333333334,0.34126866666666694,0.0,2.446,45.4499411421912,60.49091855366852,342,1499.658
0,8245,7701,0,0,0,765,0.21915199999999968,0.3357193333333333,0.0,3.274,38.41929653402151,58.926750477300466,342,1499.658
0,7966,8002,0,0,0,377,0.16252799999999992,0.32909600000000006,0.0,2.625,28.924990037740002,58.90148740426238,342,1499.658
0,8041,7856,0,0,0,609,0.14992133333333355,0.3230153333333333,0.0,3.318,24.263508954933936,56.43363567543574,342,1499.658
0,7695,8265,0,0,0,445,0.1698899999999999,0.35106133333333334,0.0,3.014,30.458945238095218,60.338940270840254,342,1499.658
0,7744,8184,0,0,0,656,0.16711600000000004,0.31888666666666643,0.0,2.663,29.563597471972468,54.37582189199693,342,1499.658
0,8200,7727,0,0,0,699,0.16129666666666662,0.3363833333333343,0.0,3.59,27.992885020535045,58.042130652680655,342,1499.658
0,7996,7907,0,0,0,436,0.2522360000000002,0.286948,0.0,2.224,43.46073342768342,50.117825671550676,342,1499.658
0,7970,7937,0,0,0,535,0.3235773333333338,0.28555533333333294,0.0,2.802,55.48678731268731,50.05665455377958,342,1499.658
0,7648,8265,0,0,0,203,0.37261000000000005,0.30242333333333354,0.0,1.505,65.67382418137419,53.13531873404372,342,1499.658
0,8078,7865,0,0,0,688,0.4525846666666666,0.31941199999999953,0.0,3.17,81.15655803918304,55.291549245199256,342,1499.658
0,7551,8422,0,0,0,268,0.44876866666666687,0.2633020000000003,0.0,1.695,83.35084498279494,46.16549067321563,342,1499.658
0,8076,7685,0,0,0,582,0.5322613333333331,0.2963453333333329,0.0,3.068,96.47003961871458,50.9824379731379,342,1499.658
0,7878,7897,0,0,0,525,0.5459039999999998,0.30510666666666647,0.0,3.248,96.69837132312145,53.00380313020312,342,1499.658
0,7707,8021,9,0,0,593,0.5517619999999998,0.2705020000000002,0.0,2.385,97.59956892551898,46.88490443722945,342,1499.658
0,8048,7843,0,0,0,493,0.590698,0.2620306666666669,0.0,2.125,108.41775996503495,45.94907948162951,342,1499.658
0,7748,8212,0,0,0,296,0.6178179999999985,0.2893673333333333,0.0,1.076,111.79897363469857,50.744585331335344,342,1499.658
0,7959,7792,140,0,0,580,0.6895253333333337,0.27881266666666626,0.0,1.812,113.60597322954827,46.09445664058161,342,1499.658
0,7595,8366,0,0,0,541,0.6770599999999998,0.3063339999999996,0.0,2.076,124.01870889943388,53.4204306360306,342,1499.658
0,7889,7525,695,0,0,507,0.7068913333333318,0.30032866666666674,0.0,2.718,138.0560295177046,52.398004847929805,342,1499.658
0,6458,8445,1235,0,0,226,0.7924840000000006,0.2046680000000001,0.0,1.199,160.80100927683432,35.48199147241644,342,1499.658
0,7868,7623,705,0,0,759,0.6443313333333344,0.31413733333333305,0.0,4.885,116.10696458263945,55.398338431013414,342,1499.658
0,6981,8392,689,0,0,71,0.7768240000000003,0.20147466666666636,0.0,0.905,139.92386037573544,35.20347954545455,342,1499.658
0,7802,8145,105,0,0,337,0.7167746666666669,0.3255560000000001,0.0,2.807,132.77554083416584,57.2523937173937,342,1499.658
0,6846,8695,682,0,0,407,0.7334246666666673,0.2870386666666665,0.0,2.681,130.84978764568766,50.72427339882335,342,1499.658
0,7688,7944,474,0,0,121,0.7661073333333338,0.25637933333333335,0.0,0.724,151.02666097236087,45.313175579975564,342,1499.658
0,7933,8031,27,0,0,566,0.7402506666666655,0.3476293333333335,0.0,3.242,134.24187448662448,60.700937767787764,342,1499.658
0,8076,7905,29,0,0,306,0.723127999999999,0.33149733333333276,0.0,2.728,136.25835903263416,58.20500870518365,342,1499.658
0,8065,7914,0,0,0,717,0.6681986666666667,0.366912,0.0,4.8,121.8293924714175,64.13006141913642,342,1499.658
0,7856,8111,0,0,0,490,0.6713886666666655,0.3450153333333329,0.0,3.525,122.27382295482293,60.688091014541065,342,1499.658
0,8069,7907,0,0,0,552,0.6957419999999984,0.34361333333333316,0.0,3.249,127.8710804972805,59.98387486402489,342,1499.658
0,8041,7918,0,0,0,683,0.6945853333333332,0.3535593333333327,0.0,3.295,124.27264414751919,61.60340192307691,342,1499.658
0,7971,7988,0,0,0,525,0.7128006666666666,0.3498773333333334,0.0,3.03,128.14871126096133,60.68344173604178,342,1499.658
0,8029,7958,0,0,0,499,0.7063219999999998,0.33600533333333343,0.0,2.603,132.5442624708625,59.38529227161728,342,1499.658
0,7610,8322,211,0,0,431,0.7913026666666676,0.3384146666666661,0.0,3.585,137.01681519591526,59.447665040515076,342,1499.658
0,8237,7762,0,0,0,559,0.7973380000000003,0.37374333333333376,0.0,4.271,150.6157647019647,65.55163001443003,342,1499.658
0,7656,8309,313,0,0,306,0.8426206666666664,0.3240206666666668,0.0,3.02,157.24967657897648,56.449000876900854,342,1499.658
0,6979,8908,731,0,0,103,0.8522533333333344,0.26893133333333374,0.0,0.83,146.61778437950932,47.64547749750258,342,1499.658
0,7589,8330,515,0,0,31,0.8682666666666679,0.20026999999999978,0.0,0.674,172.12366695526705,35.17127997003001,342,1499.658
0,7690,8287,296,0,0,0,0.8486713333333339,0.2570326666666666,0.0,0.0,168.53536741036743,45.05034961982455,342,1499.658
0,7884,8112,71,0,0,281,0.873520666666668,0.33949999999999964,0.0,2.265,165.39647862137844,59.961776290376335,342,1499.658
0,7491,8464,542,0,0,0,0.8912073333333341,0.2705686666666669,0.0,0.065,169.95187907092887,48.278926615051645,342,1499.658
0,7932,8058,1,0,0,411,0.8876873333333338,0.36474533333333314,0.0,3.133,164.31734408646915,64.16160859140862,342,1499.658
0,7872,8125,0,0,0,325,0.8810880000000004,0.366278,0.0,3.682,167.09118663281154,64.85940068820068,342,1499.658
0,8031,7959,129,0,0,610,0.8956626666666675,0.38322866666666683,0.0,5.443,167.99500567210572,67.23042363469862,342,1499.658
0,7839,8140,137,0,0,460,0.8700353333333326,0.35472066666666685,0.0,3.521,162.96205162060141,62.015549519924505,342,1499.658
0,8016,7965,0,0,0,565,0.8042446666666665,0.3662480000000001,0.0,4.642,147.79143131313157,64.87103699911205,342,1499.658
0,8204,7787,0,0,0,591,0.7964759999999997,0.3687473333333333,0.0,4.603,146.8203495143745,65.52533832278831,342,1499.658
0,7741,8259,0,0,0,355,0.8094740000000015,0.3686280000000004,0.0,2.961,152.04838986291492,64.91094223276725,342,1499.658
0,8241,7748,23,0,0,622,0.8379799999999998,0.37566333333333357,0.0,4.853,153.28267800810303,66.56426728549233,342,1499.658
0,7719,8227,38,0,0,382,0.849816666666667,0.3582939999999994,0.0,3.594,150.28496444943957,63.93521620601623,342,1499.658
0,8049,7944,11,0,0,422,0.8457920000000009,0.36443333333333333,0.0,3.589,159.07831921411932,64.34529429459428,342,1499.658
0,8058,7942,0,0,0,504,0.8705819999999995,0.38311133333333297,0.0,4.322,164.18667553280056,67.15622954545465,342,1499.658
0,8019,7979,7,0,0,535,0.9236813333333325,0.37700333333333375,0.0,3.974,172.2269207042958,66.21088134643126,342,1499.658
0,7004,8742,925,0,0,39,0.9135373333333329,0.2585440000000002,0.0,0.423,172.7296103590854,45.44436876456872,342,1499.658
0,7665,8327,367,0,0,0,0.9353046666666677,0.27658399999999994,0.0,0.185,183.68270080475068,49.40156137196141,342,1499.658
0,7388,8548,714,0,0,116,0.9228499999999997,0.2604746666666666,0.0,1.623,181.1512419635921,45.77507127039634,342,1499.658
0,7266,8367,921,0,0,0,0.9419126666666684,0.1495573333333332,0.0,0.0,194.5231313852814,26.550050699300733,342,1499.658
0,7699,8301,249,0,0,0,0.9481793333333342,0.18782733333333318,0.0,0.0,182.63552075702077,33.26836375291378,342,1499.658
0,7270,8727,698,0,0,0,0.9592953333333326,0.2931559999999999,0.0,0.0,189.61492428959926,51.791181668331646,342,1499.658
0,7607,8378,505,0,0,0,0.9495493333333326,0.16482933333333347,0.0,0.0,191.19883914141406,28.97376201021201,342,1499.658
0,7899,8101,291,0,0,185,0.9509893333333337,0.32633533333333326,0.0,1.614,181.98152260794768,58.064818262293265,342,1499.658
0,7698,8302,151,0,0,127,0.9674906666666674,0.36655599999999966,0.0,2.626,185.03720692640678,65.7352252525253,342,1499.658
0,7794,8206,319,0,0,245,0.9785153333333355,0.37816199999999994,0.0,3.735,189.8921591630593,66.55072740592745,342,1499.658
0,8082,7918,32,0,0,534,0.9518353333333321,0.3826593333333331,0.0,5.389,178.80441717171735,67.83653923298925,342,1499.658
0,7991,8009,0,0,0,415,0.9123120000000001,0.3852346666666671,0.0,5.246,170.55970393217888,68.30467178932176,342,1499.658
0,8021,7979,0,0,0,543,0.9185966666666675,0.3833753333333331,0.0,4.955,170.21561421356407,67.88011141913644,342,1499.658
0,8093,7907,40,0,0,510,0.9569093333333345,0.38489533333333337,0.0,5.935,179.07203106060612,68.45749722222222,342,1499.658
0,7845,8150,53,0,0,364,0.9182326666666655,0.374769333333333,0.0,4.105,173.83770389610387,66.46175431790438,342,1499.658
0,8068,7930,0,0,0,358,0.8923440000000001,0.3707973333333332,0.0,3.949,168.25722496392495,66.56254496336996,342,1499.658
0,7890,8110,0,0,0,389,0.897974,0.37786133333333355,0.0,4.27,168.42401971361977,66.74715231990231,342,1499.658
0,8055,7945,68,0,0,622,0.9223886666666663,0.37769666666666657,0.0,5.244,171.99366124431134,66.4791854673105,342,1499.658
0,8018,7982,7,0,0,598,0.9378553333333344,0.3890659999999998,0.0,4.411,175.47531898656908,67.74248611111116,342,1499.658
0,7570,8402,251,0,0,234,0.9375433333333346,0.353207333333333,0.0,1.794,176.74723443223434,62.11629699467205,342,1499.658
0,7617,8375,442,0,0,90,0.9531439999999998,0.3311719999999999,0.0,1.139,187.0260487373738,58.74745407092903,342,1499.658
0,7512,8488,358,0,0,0,0.9448426666666669,0.31849266666666654,0.0,0.04,189.70566731601727,56.31691898934398,342,1499.658
0,7956,8044,52,0,0,260,0.9375120000000008,0.3737013333333334,0.0,3.502,178.00862582972593,66.35655096847587,342,1499.658
0,7927,8068,29,0,0,525,0.9267180000000013,0.385536,0.0,4.819,175.42288202908202,67.43865048007551,342,1499.658
0,8086,7914,0,0,0,582,0.9106639999999997,0.3842566666666666,0.0,5.013,169.07147549950054,67.90122410644913,342,1499.658
0,8014,7986,0,0,0,536,0.8919019999999989,0.38388466666666654,0.0,5.719,165.90010867188363,68.01694130591636,342,1499.658
0,8152,7848,0,0,0,607,0.8964600000000005,0.3840293333333334,0.0,4.729,168.25791660839158,67.41655715673218,342,1499.658
0,7773,8221,0,0,0,353,0.8985793333333312,0.37938666666666676,0.0,4.123,169.41834770784757,66.47588550061053,342,1499.658
0,8022,7975,0,0,0,487,0.9192953333333339,0.3752466666666666,0.0,3.685,171.97652771672796,66.35731544011541,342,1499.658
0,7881,8119,57,0,0,557,0.903528,0.37428999999999946,0.0,3.724,172.44645822510822,65.1688521950272,342,1499.658
0,7933,8067,0,0,0,340,0.869098666666665,0.371204666666667,0.0,3.239,164.42300598845608,66.10327683982682,342,1499.658
0,8086,7914,0,0,0,600,0.8357080000000005,0.3304586666666667,0.0,2.986,157.23272857697864,58.81228739593737,342,1499.658
0,7751,8247,11,0,0,195,0.8962146666666674,0.34859066666666705,0.0,1.475,167.54180841103377,62.12576332278834,342,1499.658
0,8257,7743,30,0,0,519,0.9206839999999993,0.3696093333333336,0.0,3.945,171.40877512210005,65.6674800144301,342,1499.658
0,8069,7927,0,0,0,576,0.8594980000000001,0.36917133333333324,0.0,4.477,160.79524858197354,64.91097050449557,342,1499.658
0,8283,7717,0,0,0,714,0.8226859999999989,0.3751553333333334,0.0,4.339,154.84681398323903,66.72346885614391,342,1499.658
0,7852,8148,0,0,0,547,0.7421760000000002,0.3546486666666665,0.0,3.676,137.7592136335885,62.17914527417027,342,1499.658
0,7983,8006,0,0,0,300,0.872746666666667,0.3182386666666665,0.0,1.902,160.8924742146742,56.70809484404485,342,1499.658
0,7278,8709,527,0,0,188,0.9470159999999987,0.3418220000000004,0.0,1.531,182.92185255855276,59.45664968642469,342,1499.658
0,7518,8472,574,0,0,127,0.9530920000000015,0.3054906666666667,0.0,1.338,188.2716808219559,53.46502046842047,342,1499.658
0,7198,8791,707,0,0,0,0.9627320000000006,0.22997799999999977,0.0,0.0,197.61945912698394,40.34557495837499,342,1499.658
0,8096,7904,0,0,0,11,0.9038073333333322,0.1832713333333331,0.0,0.309,175.7943851315352,32.827110628260634,342,1499.658
0,7664,8326,226,0,0,168,0.9284046666666667,0.3220093333333334,0.0,1.278,177.32446376678897,56.48692296314794,342,1499.658
0,7901,8099,207,0,0,262,0.9372566666666655,0.3310613333333329,0.0,1.919,181.866827139527,58.831932883782905,342,1499.658
0,7861,8139,119,0,0,541,0.9167340000000007,0.36629266666666666,0.0,3.41,175.61717488344982,64.50838297258298,342,1499.658
0,7734,8266,150,0,0,180,0.9283973333333349,0.30797266666666673,0.0,1.765,176.7029286130537,53.46974830724833,342,1499.658
0,7876,8107,163,0,0,425,0.8880333333333339,0.34878,0.0,3.946,167.43187359307373,61.304919092019105,342,1499.658
0,7829,8161,359,0,0,325,0.9161720000000002,0.3295959999999994,0.0,2.215,179.97839974747455,58.52157456432456,342,1499.658
0,7617,8379,12,0,0,198,0.8417006666666678,0.26259066666666636,0.0,0.854,158.03169276001762,46.48190882173381,342,1499.658
0,7971,8029,98,0,0,470,0.906482666666667,0.3626739999999995,0.0,2.817,171.21924028194036,63.951421642246665,342,1499.658
0,8097,7903,0,0,0,532,0.8236173333333336,0.35488533333333316,0.0,3.95,152.8618001221,62.95879714174709,342,1499.658
0,7933,8066,102,0,0,299,0.9251953333333335,0.3500113333333335,0.0,2.457,174.67967986457987,62.447273445998405,342,1499.658
0,7636,8364,388,0,0,299,0.9443360000000008,0.3374646666666666,0.0,1.87,183.1447337273837,59.214473570873636,342,1499.658
0,7971,8025,220,0,0,401,0.9348526666666671,0.35962599999999995,0.0,2.938,178.8899395826395,62.814049736374756,342,1499.658
0,7571,8429,380,0,0,62,0.9483533333333323,0.28570866666666656,0.0,0.352,185.65700225052737,51.44570200077691,342,1499.658
0,7916,8084,0,0,0,259,0.8792113333333336,0.36399133333333317,0.0,2.647,168.32346788766787,64.34302997835508,342,1499.658
0,7857,8138,80,0,0,381,0.9013466666666659,0.35798600000000014,0.0,2.779,171.88260644633152,63.11316926684431,342,1499.658
0,8023,7977,0,0,0,631,0.8953946666666666,0.38309333333333373,0.0,5.112,165.8643178099679,67.18841896159397,342,1499.658
0,8114,7886,0,0,0,440,0.8762446666666668,0.37411933333333325,0.0,4.243,164.88102115107094,66.8675866855367,342,1499.658
0,8162,7838,0,0,0,764,0.8537546666666662,0.3826933333333335,0.0,5.127,159.11315109335104,66.63338591408589,342,1499.658
0,7827,8168,0,0,0,465,0.8407073333333331,0.3704433333333339,0.0,3.567,156.94664637307136,64.71573057498064,342,1499.658
0,7908,8089,0,0,0,384,0.8388879999999996,0.3618026666666665,0.0,2.64,158.94883223165715,63.68602710067709,342,1499.658
0,8183,7817,0,0,0,655,0.8501813333333331,0.3772566666666662,0.0,4.323,157.90790845265843,66.82208240925752,342,1499.658
0,7806,8194,0,0,0,451,0.8262040000000003,0.36588200000000015,0.0,3.761,154.4358164890666,64.4486805833056,342,1499.658
0,8138,7862,0,0,0,551,0.8465713333333327,0.3657740000000006,0.0,3.193,158.39448461815962,64.28520955988463,342,1499.658
0,7905,8095,0,0,0,527,0.8524380000000017,0.3590206666666667,0.0,3.322,161.23818530081036,62.920294788544794,342,1499.658
0,8071,7928,9,0,0,464,0.8916666666666674,0.368934666666667,0.0,3.892,166.17344716117225,65.28070786158287,342,1499.658
0,8058,7942,0,0,0,560,0.882618000000001,0.37765399999999993,0.0,4.205,164.9876532634029,66.42926103341107,342,1499.658
0,7968,8032,0,0,0,529,0.8776513333333334,0.37554466666666625,0.0,4.519,163.50934800754786,66.21297401487395,342,1499.658
0,8040,7959,64,0,0,495,0.9136460000000007,0.3685046666666666,0.0,3.575,173.08881147463634,64.75493368575869,342,1499.658
0,7963,8037,0,0,0,459,0.8663086666666646,0.36495466666666676,0.0,4.074,162.75101904484399,64.77416934731939,342,1499.658
0,7891,8090,251,0,0,485,0.8925459999999987,0.3539673333333338,0.0,2.87,169.30806493228985,61.618417379842356,342,1499.658
0,7397,8578,269,0,0,175,0.8926533333333324,0.3136606666666661,0.0,1.407,164.5022936285936,55.81926374736375,342,1499.658
0,7963,8037,219,0,0,298,0.8888913333333335,0.32024199999999986,0.0,2.333,174.91484298756797,56.35279314851813,342,1499.658
0,7508,8471,267,0,0,120,0.9080100000000001,0.30137200000000003,0.0,0.773,174.81014966144969,53.019531582306556,342,1499.658
0,7872,8128,298,0,0,237,0.9203586666666657,0.28687399999999963,0.0,1.546,178.11690268620265,51.001871325896296,342,1499.658
0,7649,8351,288,0,0,98,0.9540160000000001,0.3152600000000001,0.0,1.099,185.9253168470417,55.01316139971138,342,1499.658
0,7485,8489,434,0,0,189,0.9192480000000013,0.2998006666666667,0.0,1.52,176.63103930513924,52.984045601620586,342,1499.658
0,7792,8208,271,0,0,355,0.9071293333333333,0.33465999999999957,0.0,3.416,175.369927031302,58.51782075702076,342,1499.658
0,7815,8185,216,0,0,129,0.9556540000000004,0.3248926666666668,0.0,1.458,185.13190414862908,57.28909036796539,342,1499.658
0,7225,8775,825,0,0,57,0.9842619999999984,0.310706,0.0,0.364,198.8756252164502,54.44388996003997,342,1499.658
0,7558,8442,408,0,0,0,0.9734260000000015,0.26248733333333335,0.0,0.0,197.6440123376621,46.40706922799423,342,1499.658
0,7537,8463,505,0,0,0,0.9824586666666666,0.27928733333333344,0.0,0.0,196.49051028138516,48.541748903873916,342,1499.658
0,7678,8322,310,0,0,236,0.9752453333333336,0.35912866666666693,0.0,2.175,189.28440411255386,62.879291419691356,342,1499.658
0,7400,8600,700,0,0,0,0.9870840000000012,0.3226066666666664,0.0,0.0,198.42898510101014,57.078470634920684,342,1499.658
0,7857,8143,160,0,0,95,0.9768133333333336,0.3306893333333337,0.0,1.203,189.1622703435454,59.085072619047665,342,1499.658
0,7506,8494,445,0,0,42,0.9862440000000007,0.37151066666666704,0.0,1.618,195.0118732323234,65.52725344100338,342,1499.658
0,7426,8574,518,0,0,0,0.9907793333333348,0.3471420000000005,0.0,0.111,200.30920335497834,61.05359776334777,342,1499.658
0,7430,8570,545,0,0,0,0.9906673333333342,0.2966886666666671,0.0,0.0,199.57191031746024,52.861553715728704,342,1499.658
0,7498,8502,415,0,0,0,0.9906020000000004,0.23096799999999967,0.0,0.0,198.38770858585858,40.76272301587302,342,1499.658
0,7665,8335,340,0,0,0,0.9865346666666679,0.25423200000000035,0.0,0.0,194.21996764069263,44.882311796536804,342,1499.658
0,7647,8353,354,0,0,154,0.9872873333333327,0.3790046666666661,0.0,2.814,193.60062979797982,66.16498091630586,342,1499.658
0,7908,8092,140,0,0,512,0.9726673333333345,0.39584333333333316,0.0,7.097,186.3064813131312,69.10515829725836,342,1499.658
0,7962,8038,0,0,0,475,0.9130893333333334,0.3912066666666664,0.0,6.098,173.29479606782098,68.92471645021645,342,1499.658
0,8008,7992,0,0,0,534,0.9160779999999987,0.39351133333333405,0.0,6.659,170.62329770507267,69.1332422077922,342,1499.658
0,8000,8000,0,0,0,460,0.932037333333334,0.38909599999999955,0.0,6.053,174.6477742424242,68.99110494227999,342,1499.658
0,7997,8003,0,0,0,506,0.9393566666666665,0.39348400000000033,0.0,7.599,175.90899758297263,69.39422269119764,342,1499.658
0,8006,7994,0,0,0,439,0.9567479999999988,0.3887526666666664,0.0,5.805,178.87939841269838,68.9365339826841,342,1499.658
0,7986,8014,4,0,0,488,0.9385160000000017,0.3885766666666664,0.0,5.68,177.53189624819643,68.7877968975469,342,1499.658
0,7964,8036,35,0,0,405,0.9297646666666673,0.38440399999999963,0.0,4.282,175.77363196248217,68.0427933566433,342,1499.658
0,8030,7970,0,0,0,442,0.9017046666666669,0.3862620000000001,0.0,6.13,168.69042608225104,68.92708445165943,342,1499.658
0,7993,8007,0,0,0,407,0.9012826666666672,0.38705533333333286,0.0,6.039,169.16504812409815,68.95710656565662,342,1499.658
0,8008,7992,0,0,0,479,0.887230666666668,0.39000066666666705,0.0,6.242,166.814700974026,68.89052774170285,342,1499.658
0,7992,8008,0,0,0,548,0.8766446666666653,0.39104466666666693,0.0,5.83,164.49343174603163,68.7790448773449,342,1499.658
0,8053,7947,0,0,0,579,0.886486666666668,0.39198266666666665,0.0,6.375,165.0542959235209,69.02753910533912,342,1499.658
0,8044,7956,0,0,0,526,0.8955573333333331,0.39097066666666647,0.0,6.135,165.83799819624798,68.98775175380183,342,1499.658
0,8151,7849,0,0,0,644,0.9007333333333332,0.3903986666666669,0.0,6.507,167.35370133755146,68.96907251082258,342,1499.658
0,7989,8011,0,0,0,480,0.8885846666666662,0.386350666666667,0.0,5.479,165.6665209762458,68.4872407287158,342,1499.658
0,8153,7847,0,0,0,657,0.8924673333333333,0.39218133333333327,0.0,5.937,165.7465250000001,68.80385404040412,342,1499.658
0,7870,8130,0,0,0,240,0.8819853333333326,0.37705399999999956,0.0,4.26,166.77557157287154,67.76529148629152,342,1499.658
0,8040,7960,0,0,0,382,0.9335659999999991,0.3834213333333336,0.0,5.709,173.44729866522368,68.73037626262631,342,1499.658
0,7985,8015,0,0,0,564,0.9095706666666669,0.3907266666666664,0.0,6.574,169.31995588023088,68.77422593795092,342,1499.658
0,8031,7969,0,0,0,538,0.9457026666666666,0.3893726666666659,0.0,5.239,176.51949343434356,68.38541479076487,342,1499.658
0,7922,8078,15,0,0,380,0.9593366666666663,0.3820166666666668,0.0,4.093,181.94978546176046,67.44440091297592,342,1499.658
0,7814,8186,58,0,0,349,0.9625126666666666,0.38083799999999973,0.0,4.356,183.22238189033183,67.38049123376629,342,1499.658
0,8002,7998,163,0,0,447,0.9392446666666663,0.3696193333333339,0.0,3.674,179.8176006216007,65.34397618770113,342,1499.658
0,7933,8067,0,0,0,430,0.9021666666666668,0.35405333333333333,0.0,3.777,168.90275800865786,62.449873196248234,342,1499.658
0,7797,8203,75,0,0,324,0.941031333333334,0.3479573333333337,0.0,2.266,178.7907962121214,62.05942348484848,342,1499.658
0,7722,8278,216,0,0,197,0.9344046666666662,0.3276493333333335,0.0,2.734,182.41790028860024,58.42640577200579,342,1499.658
0,7681,8319,316,0,0,97,0.9757459999999998,0.3432379999999999,0.0,0.835,190.90043722943716,60.12616255411253,342,1499.658
0,7325,8675,606,0,0,119,0.970820666666667,0.34286066666666587,0.0,2.018,195.0872801587303,59.84084328171836,342,1499.658
0,7511,8489,499,0,0,0,0.9854406666666669,0.21263666666666675,0.0,0.0,201.45335952380958,37.483730699855705,342,1499.658
0,7417,8583,599,0,0,0,0.9887519999999986,0.23664533333333307,0.0,0.0,198.6037892857142,41.64755559163063,342,1499.658
0,7592,8408,335,0,0,0,0.9799086666666671,0.18952133333333313,0.0,0.0,194.4595028138527,34.04184899822405,342,1499.658
0,7631,8369,368,0,0,34,0.9828759999999989,0.32500066666666644,0.0,0.736,189.49348239538224,57.335237373737435,342,1499.658
0,7312,8688,673,0,0,0,0.9888306666666664,0.1432453333333331,0.0,0.0,207.085152056277,25.30593272005768,342,1499.658
0,7638,8362,356,0,0,0,0.9890986666666676,0.1881986666666665,0.0,0.0,194.21617976190498,33.06078365800866,342,1499.658
0,7514,8486,514,0,0,0,0.9887346666666691,0.2185286666666664,0.0,0.0,197.98078787878794,38.586256565656505,342,1499.658
0,7464,8536,566,0,0,0,0.9905100000000036,0.2889093333333336,0.0,0.0,198.7386842352093,50.6076738816739,342,1499.658
0,7522,8478,590,0,0,0,0.9863553333333335,0.2483073333333335,0.0,0.0,195.86708979076496,44.08356468253967,342,1499.658
0,7430,8570,541,0,0,0,0.9875400000000004,0.2686700000000003,0.0,0.0,199.4902785714284,47.22299646464649,342,1499.658
0,7524,8476,474,0,0,0,0.989383333333335,0.2549953333333335,0.0,0.0,198.54970793650782,44.92540950160949,342,1499.658
0,7530,8470,469,0,0,0,0.9906086666666672,0.27856800000000015,0.0,0.0,198.22504523809522,49.11697243867244,342,1499.658
0,7452,8548,612,0,0,0,0.9920553333333338,0.27531999999999995,0.0,0.0,198.23862380952383,48.27018964646468,342,1499.658
0,7428,8572,515,0,0,0,0.986656000000001,0.30122066666666675,0.0,0.0,199.68538888888898,52.63620447330449,342,1499.658
0,7558,8442,383,0,0,0,0.9910986666666673,0.31075533333333255,0.0,0.0,196.5530448412698,54.688276911976914,342,1499.658
0,7453,8547,475,0,0,26,0.9904006666666677,0.36158600000000085,0.0,0.681,198.79881251803764,63.086568939394,342,1499.658
0,7743,8257,235,0,0,301,0.9855393333333359,0.39386799999999894,0.0,5.614,192.0735542929292,68.38238373015881,342,1499.658
0,7600,8400,339,0,0,292,0.9849566666666693,0.39311533333333376,0.0,4.865,193.58669974747488,68.08806688311691,342,1499.658
0,7824,8176,199,0,0,241,0.9820720000000015,0.38490333333333304,0.0,4.798,189.6404891053391,68.46373351370856,342,1499.658
0,7668,8332,402,0,0,118,0.9903726666666682,0.38169799999999954,0.0,3.132,192.37603412698402,67.69105873015872,342,1499.658
0,7836,8164,245,0,0,335,0.9877353333333356,0.39101800000000014,0.0,6.261,190.61312673160165,68.97913647186145,342,1499.658
0,7967,8033,42,0,0,413,0.9711793333333324,0.38967733333333365,0.0,6.715,183.48922528860035,69.16447200577198,342,1499.658
0,8025,7975,0,0,0,573,0.9520353333333325,0.39267733333333216,0.0,6.963,179.3478665584416,69.1268193722944,342,1499.658
0,8029,7971,0,0,0,569,0.9263779999999999,0.39218933333333333,0.0,6.092,173.9154972222224,68.89661605339106,342,1499.658
0,8060,7940,0,0,0,586,0.8983800000000001,0.39431000000000005,0.0,6.731,167.69270772005774,69.16126814574316,342,1499.658
0,7959,8041,0,0,0,510,0.9140240000000004,0.3923500000000003,0.0,5.745,171.22446515151518,68.84249736652245,342,1499.658
0,8075,7925,0,0,0,614,0.9168626666666658,0.39389399999999986,0.0,6.385,171.04628095238095,69.05119235209237,342,1499.658
0,7949,8051,0,0,0,389,0.9269740000000004,0.38585133333333327,0.0,4.883,173.60362640692648,68.65507647907648,342,1499.658
0,8500,7500,0,0,0,885,0.7721319999999999,0.3874399999999995,0.0,6.609,146.31588517316018,69.08472449494954,342,1499.658
0,7475,8525,0,0,0,29,0.8106106666666669,0.26561933333333304,0.0,0.31,153.130075974026,47.08434676157177,342,1499.658
0,8006,7994,0,0,0,479,0.8484893333333331,0.377844,0.0,3.762,159.5389615800865,67.05649996392496,342,1499.658
0,7992,8008,0,0,0,760,0.6677580000000004,0.32805599999999996,0.0,3.298,126.85370432900437,57.46539507992008,342,1499.658
0,7845,8155,0,0,0,160,0.8214440000000002,0.28151666666666614,0.0,1.295,154.8302170301919,50.01047875180374,342,1499.658
0,9242,6461,0,0,0,1793,0.435502,0.37925400000000004,0.0,6.615,82.02595077700077,67.57482023809524,342,1499.658
0,6972,8842,0,0,0,71,0.38149333333333374,0.15473133333333342,0.0,0.43,71.28933867243866,27.448628851703834,342,1499.658
0,7855,8145,0,0,0,0,0.7254406666666652,0.15509999999999996,0.0,0.0,135.3870087856589,27.609239715839724,342,1499.658
0,8316,7684,0,0,0,624,0.6822420000000008,0.3388393333333331,0.0,3.437,128.05025411255394,59.5887337301588,342,1499.658
0,8936,6789,0,0,0,1869,0.3247333333333333,0.3956833333333333,0.0,7.132,60.052531440781465,68.6989752164502,342,1499.658
0,6849,8491,0,0,0,640,0.21654800000000005,0.3076473333333341,0.0,2.304,39.338902741702746,53.62418411033407,342,1499.658
0,7986,8014,0,0,0,0,0.7634746666666667,0.19176933333333335,0.0,0.0,141.50336309523803,33.87907911255413,342,1499.658
0,7971,8029,0,0,0,343,0.8385840000000006,0.3721359999999998,0.0,3.026,156.53458971861474,66.15217445887444,342,1499.658
0,8029,7971,0,0,0,416,0.8449773333333324,0.38275133333333333,0.0,4.656,158.3411767316017,68.44849696969693,342,1499.658
0,8012,7988,0,0,0,403,0.8243106666666667,0.37307199999999946,0.0,3.559,154.97746125541096,66.82144267676767,342,1499.658
0,7900,8100,0,0,0,373,0.8144479999999997,0.3816846666666666,0.0,3.808,153.363340909091,67.74620580808092,342,1499.658
0,8013,7987,0,0,0,456,0.8222646666666652,0.38303533333333367,0.0,4.957,153.60014735264727,68.07035043290041,342,1499.658
0,8210,7790,0,0,0,712,0.8280540000000011,0.38893133333333296,0.0,5.277,153.713159124209,68.35726868686875,342,1499.658
0,7830,8170,0,0,0,303,0.8017886666666668,0.37474066666666694,0.0,3.66,150.6439072150072,66.32437734487733,342,1499.658
0,7917,8083,0,0,0,513,0.8693106666666671,0.3899546666666672,0.0,5.274,164.04965367965366,68.19138510656005,342,1499.658
0,8034,7966,0,0,0,428,0.9046926666666656,0.3822499999999998,0.0,4.52,168.46436486291495,68.06670530303025,342,1499.658
0,7967,8033,0,0,0,417,0.8935720000000009,0.3832440000000001,0.0,4.578,167.4513380591631,67.94878849483851,342,1499.658
0,7910,8090,0,0,0,406,0.9199239999999996,0.3835320000000003,0.0,4.853,174.1788272005771,67.913707034632,342,1499.658
0,7994,8006,0,0,0,470,0.9444713333333344,0.3841913333333331,0.0,4.792,177.09217525252532,67.66956287878784,342,1499.658
0,7756,8244,91,0,0,332,0.9388346666666665,0.3612493333333332,0.0,2.548,179.09775976800964,63.53986302308803,342,1499.658
0,7529,8471,387,0,0,140,0.9712133333333357,0.3494239999999998,0.0,1.797,192.44621010101005,61.51310153735151,342,1499.658
0,7478,8522,577,0,0,61,0.9734713333333332,0.33825200000000005,0.0,0.863,195.05711930014462,58.823835064935004,342,1499.658
0,7362,8638,672,0,0,0,0.9774786666666659,0.3086893333333336,0.0,0.0,198.774892712843,54.084936219336235,342,1499.658
0,7845,8155,159,0,0,183,0.9605760000000003,0.3450999999999999,0.0,2.176,185.532137878788,61.06705281385283,342,1499.658
0,7395,8605,638,0,0,48,0.9879153333333308,0.33127600000000057,0.0,1.062,200.42175977633525,58.76839935064941,342,1499.658
0,7675,8325,345,0,0,0,0.9762166666666673,0.30470733333333366,0.0,0.0,191.58455028860027,53.96780673493178,342,1499.658
0,7494,8506,475,0,0,0,0.9786613333333319,0.34010066666666666,0.0,0.02,193.9540913780662,60.021393939393946,342,1499.658
0,7588,8412,396,0,0,5,0.9766806666666653,0.33616399999999996,0.0,0.406,195.2579788239537,59.758344660894664,342,1499.658
0,7622,8378,283,0,0,69,0.9854873333333337,0.36182933333333267,0.0,1.287,193.67169105339136,63.87444866522369,342,1499.658
0,7530,8470,440,0,0,40,0.9861106666666646,0.35637733333333355,0.0,0.756,196.47825707070714,63.10936608946605,342,1499.658
0,7682,8318,316,0,0,134,0.9875860000000007,0.3764599999999997,0.0,2.886,191.98368358585856,66.6867906926407,342,1499.658
0,7572,8428,533,0,0,72,0.9876433333333318,0.3660626666666668,0.0,1.431,195.37087417027416,64.87185804473303,342,1499.658
0,7347,8653,541,0,0,0,0.9859713333333315,0.3183440000000001,0.0,0.0,201.28910555555552,55.975732431457374,342,1499.658
0,7572,8428,488,0,0,0,0.9912053333333338,0.24842133333333366,0.0,0.0,196.89669220779228,44.32144126984125,342,1499.658
0,7637,8363,395,0,0,0,0.9888113333333343,0.2780760000000005,0.0,0.0,194.7937682539684,49.26774408369411,342,1499.658
0,7654,8346,289,0,0,0,0.9878899999999997,0.31920733333333284,0.0,0.0,194.26555746753232,57.124583766233705,342,1499.658
0,7654,8346,280,0,0,102,0.9871833333333353,0.37182933333333346,0.0,2.319,193.1172695887444,65.61397752525252,342,1499.658
0,7498,8502,490,0,0,46,0.9904280000000018,0.3795620000000001,0.0,1.795,197.13450674603175,66.61450140692637,342,1499.658
0,7441,8559,622,0,0,66,0.991021333333334,0.3871113333333328,0.0,2.693,200.24501800144307,67.49872593795092,342,1499.658
0,7669,8331,397,0,0,94,0.9873506666666682,0.3704213333333332,0.0,1.605,193.48589007936522,66.0107128787879,342,1499.658
0,7423,8577,535,0,0,0,0.9901473333333327,0.34866400000000064,0.0,0.0,200.82294007936505,61.25722319624817,342,1499.658
0,7664,8336,378,0,0,184,0.9885433333333352,0.3799286666666665,0.0,3.443,193.4161239898989,66.0711385642136,342,1499.658
0,7880,8120,138,0,0,396,0.9762540000000002,0.39272666666666584,0.0,6.963,186.64736507936524,69.25011782106789,342,1499.658
0,7947,8053,37,0,0,456,0.9629826666666685,0.39137133333333357,0.0,6.239,181.95683419913414,68.96842572150068,342,1499.658
0,8069,7931,5,0,0,549,0.963200666666668,0.3907353333333333,0.0,6.861,179.86411868686875,69.16215032467532,342,1499.658
0,7976,8024,0,0,0,510,0.9382193333333332,0.39530733333333273,0.0,7.357,176.18562334054832,69.40384347041854,342,1499.658
0,8112,7888,11,0,0,641,0.9200819999999994,0.39257333333333366,0.0,6.321,172.08564256854268,68.96034372849375,342,1499.658
0,8064,7936,0,0,0,659,0.8992026666666658,0.39448066666666637,0.0,6.875,167.0991537157289,69.09127723665223,342,1499.658
0,7997,8003,0,0,0,456,0.8704000000000003,0.3896873333333335,0.0,6.079,163.7602844516595,68.94191287878792,342,1499.658
0,8008,7992,0,0,0,447,0.8787319999999993,0.38610599999999945,0.0,5.616,164.954571139971,68.7122351010101,342,1499.658
0,8007,7993,0,0,0,495,0.8893286666666669,0.39208333333333356,0.0,6.701,166.10437290764787,69.03786147186148,342,1499.658
0,7880,8120,0,0,0,407,0.894603333333334,0.3907280000000001,0.0,5.991,169.92969592352094,68.7774588744589,342,1499.658
0,7993,8007,0,0,0,547,0.8810846666666671,0.39331399999999966,0.0,6.41,166.4941023088022,68.9739025252525,342,1499.658
0,7990,8010,0,0,0,515,0.8984533333333327,0.3918300000000001,0.0,6.146,167.33328199855694,69.01449826839836,342,1499.658
0,7893,8107,0,0,0,308,0.9238693333333335,0.3854440000000001,0.0,5.186,174.85514624819638,68.65091273448772,342,1499.658
0,8003,7997,0,0,0,466,0.9465140000000004,0.3903300000000004,0.0,6.497,176.15072059884565,69.09158769841264,342,1499.658
0,8009,7991,0,0,0,527,0.9266386666666675,0.3904073333333331,0.0,5.944,175.41942564935061,68.77565447330443,342,1499.658
0,7980,8020,0,0,0,467,0.9345826666666657,0.39120399999999966,0.0,6.448,174.2801711760462,68.97317182539682,342,1499.658
0,7993,8007,6,0,0,609,0.961955333333334,0.3976179999999999,0.0,7.091,180.40387539682533,69.32660364357866,342,1499.658
0,8052,7948,27,0,0,563,0.966170000000001,0.39085333333333305,0.0,6.145,179.7866851010102,68.9863045815296,342,1499.658
0,8078,7922,0,0,0,513,0.9461866666666666,0.3866053333333335,0.0,5.921,177.09175858585863,68.70834444444442,342,1499.658
0,7785,8215,159,0,0,318,0.970965333333335,0.37697400000000053,0.0,3.843,185.2862875180375,65.994970995671,342,1499.658
0,7974,8026,27,0,0,488,0.9487860000000009,0.3869020000000002,0.0,5.138,179.36046767676768,68.50044242424238,342,1499.658
0,8086,7914,23,0,0,645,0.9256133333333345,0.3877399999999999,0.0,4.893,174.2799596681098,67.59536392496392,342,1499.658
0,7699,8301,160,0,0,272,0.9262546666666651,0.38088000000000055,0.0,3.079,177.11702254689743,66.6111923520923,342,1499.658
0,8071,7929,11,0,0,642,0.9513360000000004,0.3923839999999995,0.0,6.119,180.80406670274175,68.7085853896104,342,1499.658
0,7881,8119,0,0,0,771,0.7910800000000001,0.2882133333333336,0.0,4.146,148.66215230880232,49.71502853257853,342,1499.658
0,7743,8257,179,0,0,84,0.953226666666665,0.33838000000000007,0.0,1.195,182.64577038239537,59.06350923520933,342,1499.658
0,7661,8339,417,0,0,282,0.9785140000000011,0.37297000000000047,0.0,2.593,192.29709577922057,65.16704704184707,342,1499.658
0,7948,8052,18,0,0,508,0.8920779999999988,0.35265600000000025,0.0,4.042,167.4494625541125,62.90264931457434,342,1499.658
0,8219,7781,3,0,0,778,0.8363606666666671,0.36763133333333314,0.0,5.514,153.39080378787878,65.25874885669886,342,1499.658
0,7988,8012,67,0,0,407,0.8773666666666655,0.2947840000000002,0.0,2.257,164.61089650072148,51.9712716810967,342,1499.658
0,7661,8339,353,0,0,37,0.9583326666666668,0.32244133333333264,0.0,0.793,185.98409974747466,57.32776507936517,342,1499.658
0,7507,8493,545,0,0,0,0.9899560000000006,0.2634593333333336,0.0,0.0,198.98620396825416,46.69892207792205,342,1499.658
0,7566,8434,450,0,0,110,0.9643293333333317,0.3376126666666667,0.0,1.464,188.24306587301564,59.53309141414143,342,1499.658
0,7697,8303,350,0,0,260,0.9727013333333326,0.3298639999999998,0.0,2.106,192.43181428571393,57.67139047619049,342,1499.658
0,7233,8767,820,0,0,0,0.9809799999999971,0.2308873333333332,0.0,0.0,202.32419563492016,40.628378024753005,342,1499.658
0,7409,8591,636,0,0,0,0.9911986666666672,0.13811133333333378,0.0,0.0,201.49185039682578,24.050385101010068,342,1499.658
0,7549,8451,507,0,0,0,0.9904053333333347,0.17180266666666658,0.0,0.0,196.45535198412708,30.01408207070706,342,1499.658
0,7640,8360,484,0,0,0,0.9897100000000014,0.21520533333333328,0.0,0.0,196.30932673160166,38.49019678932177,342,1499.658
0,7667,8333,330,0,0,61,0.9864953333333332,0.31572400000000034,0.0,0.558,191.28706507936522,55.33203748196251,342,1499.658
0,7736,8264,267,0,0,114,0.9830206666666664,0.3723733333333339,0.0,2.502,192.57997990620464,65.967591955267,342,1499.658
0,7517,8483,475,0,0,105,0.988241333333335,0.38257999999999986,0.0,2.145,196.89005472582986,66.95711060606058,342,1499.658
0,7896,8104,89,0,0,375,0.964598666666668,0.389001333333333,0.0,5.498,184.4711787878789,68.67022355699861,342,1499.658
0,7937,8063,89,0,0,310,0.9795500000000019,0.3860146666666666,0.0,5.987,185.11109541847026,68.9171388888889,342,1499.658
0,7868,8132,7,0,0,433,0.960400000000002,0.3903560000000001,0.0,5.939,183.35934541847038,68.7738483044733,342,1499.658
0,7868,8132,172,0,0,301,0.9711613333333344,0.3844693333333337,0.0,4.989,183.84765794483295,68.26072878787875,342,1499.658
0,8016,7984,35,0,0,496,0.9271039999999995,0.38326799999999994,0.0,4.643,176.61993318903302,67.70415422077923,342,1499.658
0,7994,8006,0,0,0,576,0.8618846666666677,0.3827559999999999,0.0,4.863,161.56266518759003,67.05298253968255,342,1499.658
0,7948,8052,0,0,0,478,0.8859793333333332,0.37718533333333293,0.0,3.866,166.7251944860695,66.0886656926407,342,1499.658
0,7925,8075,0,0,0,389,0.9343766666666666,0.3735573333333332,0.0,3.477,176.8247888528137,66.67341363636369,342,1499.658
0,8024,7976,0,0,0,437,0.8945953333333313,0.36481733333333344,0.0,3.018,167.96949444721952,64.48751533189035,342,1499.658
0,8094,7906,0,0,0,623,0.8825833333333338,0.37434866666666616,0.0,4.764,165.54197018537027,65.85619166666667,342,1499.658
0,7919,8081,0,0,0,376,0.8425386666666675,0.3397513333333334,0.0,2.699,157.7541939144189,60.55223041125542,342,1499.658
0,8216,7784,0,0,0,725,0.9206019999999994,0.3916300000000008,0.0,6.51,170.84969630092144,68.83150876623381,342,1499.658
0,7769,8231,82,0,0,290,0.910590000000002,0.3720046666666672,0.0,3.134,170.93426251803763,65.6141341630591,342,1499.658
0,7795,8205,240,0,0,390,0.9343826666666645,0.36020466666666695,0.0,3.494,178.901728030303,63.31254765512264,342,1499.658
0,7711,8289,447,0,0,99,0.9808713333333317,0.35951000000000005,0.0,1.703,194.01751670274172,63.84036172438669,342,1499.658
0,7855,8145,168,0,0,320,0.9095480000000015,0.33923533333333306,0.0,2.825,173.89192777777782,59.76748694083698,342,1499.658
0,8020,7980,153,0,0,651,0.9167060000000004,0.37290533333333337,0.0,4.577,173.29433405483402,64.73580844155848,342,1499.658
0,7940,8060,0,0,0,703,0.7652153333333336,0.30419733333333315,0.0,3.823,143.32283102453093,53.33854065656559,342,1499.658
0,8718,7282,115,0,0,982,0.7315106666666664,0.3356579999999999,0.0,5.438,139.57515313852792,59.47671580086582,342,1499.658
0,7686,8314,0,0,0,412,0.449551333333333,0.3752966666666671,0.0,4.448,83.9127158369408,65.3729134199134,342,1499.658
0,7468,8099,0,0,0,696,0.5158933333333335,0.2460293333333331,0.0,3.697,97.14417593795105,43.72611421356418,342,1499.658
0,8104,7896,0,0,0,267,0.8405119999999997,0.2607726666666666,0.0,1.64,156.33856150793656,45.95476060606058,342,1499.658
0,7839,8161,29,0,0,172,0.9560913333333356,0.3197646666666662,0.0,1.76,180.97505714285703,56.01565180375184,342,1499.658
0,7981,8019,43,0,0,402,0.9101433333333345,0.3391726666666662,0.0,3.447,172.81385753968263,60.47639856254855,342,1499.658
0,7668,8332,112,0,0,347,0.8913519999999986,0.3696373333333331,0.0,4.256,169.62611944444416,64.5744296897547,342,1499.658
0,7994,8006,113,0,0,497,0.8631573333333329,0.3609339999999999,0.0,4.386,168.1362341991341,63.531126046175984,342,1499.658
0,7875,8125,33,0,0,569,0.7728546666666676,0.3160166666666663,0.0,4.432,146.2521501443,55.592946653346594,342,1499.658
0,8581,7419,0,0,0,828,0.6812986666666665,0.3578300000000001,0.0,4.658,128.14939448051945,62.9671607864358,342,1499.658
0,7216,8784,109,0,0,3,0.8538360000000008,0.22519133333333316,0.0,0.515,164.01915415972908,39.18681056998557,342,1499.658
0,7919,8081,34,0,0,481,0.834571333333333,0.3278346666666657,0.0,3.395,156.44655634920645,57.73417121212121,342,1499.658
0,7830,8170,88,0,0,313,0.8743073333333324,0.290783333333333,0.0,2.037,168.8400337301584,50.610551984126886,342,1499.658
0,7575,8425,481,0,0,0,0.9758353333333328,0.24140799999999987,0.0,0.0,192.13757355699857,42.88885209235207,342,1499.658
0,7392,8608,629,0,0,40,0.9769406666666642,0.2497593333333334,0.0,0.591,199.63599404761905,44.10151248196246,342,1499.658
0,7417,8583,501,0,0,0,0.9844926666666654,0.16273733333333334,0.0,0.0,197.5534932539683,28.71517622655124,342,1499.658
0,7603,8397,468,0,0,0,0.9842126666666646,0.25722133333333325,0.0,0.0,193.52889419191894,45.262763167388194,342,1499.658
0,7489,8511,493,0,0,66,0.9653626666666665,0.26692866666666626,0.0,0.839,194.66181944444446,46.87941352813855,342,1499.658
0,7527,8473,512,0,0,0,0.9807619999999984,0.18721933333333377,0.0,0.0,197.23139029581532,33.10814494949496,342,1499.658
0,7541,8459,462,0,0,0,0.9840699999999991,0.2350893333333338,0.0,0.0,196.11513625541136,41.384237518037565,342,1499.658
0,7565,8435,305,0,0,0,0.9764893333333343,0.24828266666666662,0.0,0.0,191.68195826118327,43.86689076479081,342,1499.658
0,7647,8353,380,0,0,89,0.9867453333333327,0.31420266666666685,0.0,1.425,194.6255992784993,54.52973189033184,342,1499.658
0,7387,8613,660,0,0,197,0.9861713333333335,0.28889666666666614,0.0,1.576,198.946618470418,50.32580660173155,342,1499.658
0,7589,8411,507,0,0,0,0.988011333333332,0.2535086666666668,0.0,0.0,196.39775429292922,44.67940584415584,342,1499.658
0,7615,8385,269,0,0,0,0.9835580000000007,0.2977593333333338,0.0,0.0,194.03319206349198,53.31197806637803,342,1499.658
0,7527,8473,458,0,0,0,0.987755333333334,0.29856599999999955,0.0,0.0,195.9456366522365,52.32753492063491,342,1499.658
0,7484,8516,443,0,0,0,0.9908673333333343,0.3487726666666668,0.0,0.0,198.74119025974056,61.247513672438686,342,1499.658
0,7404,8596,667,0,0,10,0.992972000000002,0.36343133333333316,0.0,1.143,200.91042500000012,63.78635710678215,342,1499.658
0,7394,8606,687,0,0,0,0.9917066666666665,0.29104800000000025,0.0,0.0,201.31472788600266,51.30034188311687,342,1499.658
0,7811,8189,113,0,0,84,0.9746020000000003,0.3159166666666669,0.0,1.11,188.57927290764806,56.28126904761904,342,1499.658
0,7290,8710,901,0,0,0,0.9916519999999971,0.28964666666666655,0.0,0.0,204.24372442279903,50.41460292207794,342,1499.658
0,7745,8255,191,0,0,162,0.9655579999999993,0.3715880000000006,0.0,2.82,185.29913015873007,65.47181652236658,342,1499.658
0,7987,8013,108,0,0,453,0.966144666666665,0.3839060000000003,0.0,4.551,185.36591063658574,67.723898015873,342,1499.658
0,7960,8040,49,0,0,358,0.9288513333333334,0.3705966666666664,0.0,3.926,175.20811031746015,66.15325642135647,342,1499.658
0,8013,7987,47,0,0,445,0.9566346666666666,0.3769020000000003,0.0,4.982,177.76143769841275,67.05301277056275,342,1499.658
0,7859,8141,117,0,0,587,0.9266353333333339,0.37294533333333374,0.0,5.256,174.32187485569983,65.73382406204902,342,1499.658
0,7615,8385,384,0,0,27,0.980933999999999,0.31509333333333367,0.0,0.449,192.50977460317478,55.88371865079362,342,1499.658
0,7479,8521,550,0,0,136,0.9812986666666628,0.33996533333333334,0.0,1.721,197.5612884920634,59.3216303529803,342,1499.658
0,8033,7967,115,0,0,200,0.9293999999999987,0.3321186666666669,0.0,2.45,180.60489999999982,59.327566630591654,342,1499.658
0,7474,8526,467,0,0,236,0.9615193333333302,0.32742266666666664,0.0,2.339,188.81785833333348,57.100722763347754,342,1499.658
0,7746,8254,104,0,0,243,0.9284433333333352,0.3183380000000001,0.0,1.707,179.44637406204896,56.35739272116768,342,1499.658
0,7820,8180,216,0,0,242,0.946657333333331,0.3327393333333333,0.0,2.257,180.5699977633477,58.90927683982676,342,1499.658
0,7898,8102,294,0,0,145,0.9608500000000022,0.30048133333333343,0.0,1.318,190.44426854256872,53.80915891053393,342,1499.658
0,7992,8008,0,0,0,512,0.8294953333333341,0.3563033333333336,0.0,3.128,155.65623196248194,62.59365548340545,342,1499.658
0,7680,8320,172,0,0,222,0.9508586666666689,0.3602153333333337,0.0,1.929,183.57730508658017,63.17453448773455,342,1499.658
0,7873,8127,27,0,0,384,0.9272239999999997,0.360448,0.0,3.006,174.3077642135643,63.95379671717167,342,1499.658
0,8327,7673,0,0,0,792,0.8357726666666669,0.3885440000000001,0.0,5.629,157.38398376623394,68.3193158730158,342,1499.658
0,7520,8480,85,0,0,186,0.9106166666666677,0.29581799999999997,0.0,1.277,172.58945775613284,52.06156567599073,342,1499.658
0,8003,7997,0,0,0,608,0.892464,0.3603033333333333,0.0,3.481,169.0957194083691,63.302480086579955,342,1499.658
0,8385,7615,0,0,0,727,0.779125333333332,0.36904800000000004,0.0,4.57,146.68294538239516,64.8436638528139,342,1499.658
0,7883,8117,0,0,0,457,0.6915539999999993,0.32078666666666644,0.0,3.363,129.67954466089463,56.020997582972505,342,1499.658
0,7600,8400,75,0,0,236,0.8539706666666672,0.3130173333333338,0.0,2.134,160.37012619047613,54.94074830447325,342,1499.658
0,7983,8017,23,0,0,453,0.9517146666666687,0.3805466666666668,0.0,4.39,179.17408650793624,67.43914599567098,342,1499.658
0,7981,8019,0,0,0,488,0.9018953333333328,0.3657146666666661,0.0,4.076,170.304567135642,64.43402002164504,342,1499.658
0,7960,8040,23,0,0,362,0.9277213333333337,0.36433466666666675,0.0,2.548,176.74656800144294,64.30280357142858,342,1499.658
0,7988,8012,5,0,0,403,0.9481366666666656,0.38058933333333356,0.0,5.166,176.95381658896676,67.78259487734488,342,1499.658
0,7963,8037,99,0,0,548,0.9544953333333362,0.3947946666666666,0.0,5.797,179.39481489898998,68.8768651875902,342,1499.658
0,7943,8057,162,0,0,592,0.9137366666666664,0.39021066666666665,0.0,5.863,175.10809650072153,68.28052673160175,342,1499.658
0,7960,8040,15,0,0,363,0.9324700000000008,0.3640453333333334,0.0,2.987,173.04276577866565,64.70849015151512,342,1499.658
0,7819,8181,68,0,0,236,0.9427606666666675,0.35619333333333303,0.0,2.042,179.81161291486282,63.700967243867254,342,1499.658
0,8140,7860,37,0,0,552,0.9160726666666682,0.3793286666666666,0.0,4.686,172.47688917748914,67.05798928571429,342,1499.658
0,7881,8119,261,0,0,491,0.9411326666666652,0.3659646666666672,0.0,3.445,180.90871201298688,63.68835119047619,342,1499.658
0,7585,8415,174,0,0,312,0.9106679999999998,0.3533966666666667,0.0,2.469,172.2266285714286,62.16153553391055,342,1499.658
0,7645,8355,471,0,0,287,0.9645326666666637,0.32547133333333295,0.0,2.5,189.7572273809525,56.541846212121186,342,1499.658
0,8075,7925,69,0,0,372,0.8890073333333333,0.3543653333333333,0.0,2.946,170.96707016594513,62.8732926046176,342,1499.658
0,7527,8473,355,0,0,0,0.972861333333337,0.3172699999999996,0.0,0.0,187.57948809523825,56.27325238095242,342,1499.658
0,7572,8428,359,0,0,62,0.9831593333333333,0.3471813333333339,0.0,0.671,194.39428109668103,61.73773409090908,342,1499.658
0,8016,7984,64,0,0,361,0.955614666666667,0.37652866666666734,0.0,4.474,181.42702510822505,66.80742283549786,342,1499.658
0,7927,8073,86,0,0,395,0.97504,0.38851733333333355,0.0,5.754,182.91920541125543,68.71398690476191,342,1499.658
0,7815,8185,210,0,0,310,0.9810846666666669,0.3850113333333334,0.0,4.953,187.93502932900435,68.28131349206352,342,1499.658
0,7572,8428,563,0,0,87,0.9857393333333334,0.3639299999999999,0.0,1.908,198.9142421356421,63.673363636363625,342,1499.658
0,7587,8413,222,0,0,50,0.9747866666666671,0.34640600000000016,0.0,0.609,190.14086320346314,61.874669155844195,342,1499.658
0,7306,8694,636,0,0,0,0.9905940000000001,0.2859200000000001,0.0,0.0,203.1219575396823,50.16352265512264,342,1499.658
0,7317,8683,727,0,0,0,0.9915113333333303,0.2620713333333337,0.0,0.0,202.45823502885986,45.6150338744589,342,1499.658
0,7723,8277,293,0,0,0,0.9833373333333343,0.23130000000000003,0.0,0.0,191.67999105339098,41.52719159451661,342,1499.658
0,7490,8510,482,0,0,0,0.9882133333333321,0.281236666666667,0.0,0.0,197.59441673881628,49.54015909090909,342,1499.658
0,7423,8577,637,0,0,0,0.9813533333333297,0.30095466666666587,0.0,0.0,197.5156980214229,52.255419516594486,342,1499.658
0,7543,8457,447,0,0,0,0.9875873333333358,0.3090793333333335,0.0,0.0,197.48109246031746,54.80726179653684,342,1499.658
0,7203,8797,775,0,0,5,0.984642666666663,0.29247133333333364,0.0,0.273,204.77923145743154,50.63740779220783,342,1499.658
0,7449,8551,644,0,0,0,0.991078000000001,0.17085399999999978,0.0,0.0,200.7972654761902,30.10096482683982,342,1499.658
0,7501,8499,528,0,0,0,0.9913220000000003,0.1809353333333331,0.0,0.0,197.57352460317443,32.215471897546905,342,1499.658
0,7442,8558,652,0,0,0,0.991756666666668,0.143218,0.0,0.0,199.41489917027428,25.176855988455994,342,1499.658
0,7586,8414,512,0,0,0,0.9916613333333351,0.0912133333333333,0.0,0.0,197.12384246031775,16.250900180375186,342,1499.658
0,7546,8454,509,0,0,0,0.9911120000000027,0.09257066666666666,0.0,0.0,198.14573953823964,16.291941666666684,342,1499.658
0,7510,8490,577,0,0,0,0.9921119999999979,0.19241999999999995,0.0,0.0,196.89387063492032,33.44303275613275,342,1499.658
0,7415,8585,502,0,0,0,0.9925126666666669,0.15822800000000015,0.0,0.0,201.0881559523811,28.095831565656557,342,1499.658
0,7586,8414,376,0,0,0,0.9900940000000011,0.10241000000000003,0.0,0.0,195.3627170634922,18.16743553391053,342,1499.658
0,7380,8620,629,0,0,0,0.9921093333333344,0.0877726666666667,0.0,0.0,201.2991007936509,15.532513636363644,342,1499.658
0,7523,8476,474,0,0,0,0.9865326666666667,0.040475333333333335,0.0,0.0,197.62934484126976,7.1462871212121115,342,1499.658
0,7469,8520,571,0,0,0,0.9888373333333346,0.04487066666666668,0.0,0.0,197.40922420634914,7.96796569264069,342,1499.658
0,7365,8548,649,0,0,0,0.9858433333333316,0.05629666666666673,0.0,0.0,200.76407261904782,9.939013852813856,342,1499.658
0,7267,8480,700,0,0,0,0.9409286666666613,0.11003599999999977,0.0,0.0,195.56575122655104,19.272464307914277,342,1499.658
0,8125,7709,469,0,0,260,0.8609273333333324,0.16803333333333328,0.0,2.136,175.26350407647877,29.592826370851363,342,1499.658
0,7280,8720,100,0,0,387,0.6498420000000004,0.30828933333333314,0.0,3.935,122.86163333333342,54.47176093073587,342,1499.658
0,7579,8200,649,0,0,0,0.9766553333333322,0.03880199999999999,0.0,0.0,202.48476295093806,6.83340772005772,342,1499.658
0,7424,8576,318,0,0,283,0.8459146666666656,0.2597833333333335,0.0,2.24,167.93417218614718,45.43603070540567,342,1499.658
0,7378,8408,766,0,0,0,0.9192499999999983,0.14135199999999984,0.0,0.0,193.42069401154404,24.465423124098127,342,1499.658
0,8797,7203,0,0,0,1121,0.4948839999999999,0.3551133333333325,0.0,5.337,92.14184480519486,63.3329428571429,342,1499.658
0,7485,8134,127,0,0,170,0.7957959999999998,0.12441466666666676,0.0,0.743,150.59240797258298,21.7955140997891,342,1499.658
0,7443,8557,318,0,0,80,0.8568913333333329,0.2094006666666666,0.0,1.294,169.19130346320347,36.99107655122651,342,1499.658
0,7772,8228,0,0,0,413,0.734425999999999,0.3628573333333335,0.0,2.561,138.9132595238094,63.46764783549779,342,1499.658
0,8076,7924,0,0,0,338,0.7953719999999997,0.3137839999999999,0.0,2.687,150.39536183261177,55.99044203574204,342,1499.658
0,7474,8526,276,0,0,347,0.8614913333333364,0.2955933333333337,0.0,2.03,168.0625750721498,52.08092534965037,342,1499.658
0,7963,8037,74,0,0,116,0.942473999999999,0.295348666666667,0.0,1.06,176.43074664502169,52.15279967532466,342,1499.658
0,7687,8313,325,0,0,341,0.9341466666666675,0.3438386666666667,0.0,3.18,182.67280992063482,60.80064527417031,342,1499.658
0,8610,7390,559,0,0,884,0.7585879999999998,0.23189999999999977,0.0,3.189,156.70194469696972,41.292594588744585,342,1499.658
0,7582,8170,0,0,0,335,0.5036626666666674,0.1947813333333332,0.0,2.324,93.38877575757581,34.059967965367996,342,1499.658
0,7769,8035,0,0,0,1079,0.30940133333333314,0.2776826666666667,0.0,4.864,58.36596453823954,48.40003268398266,342,1499.658
0,7436,8221,274,0,0,0,0.8819079999999991,0.03872533333333334,0.0,0.0,172.9336886002885,6.833986002886005,342,1499.658
0,8544,7456,161,0,0,756,0.7656726666666686,0.2587873333333327,0.0,2.983,148.3473386002884,45.71574614552112,342,1499.658
0,6983,8678,211,0,0,48,0.7190593333333325,0.18124800000000013,0.0,0.952,140.07270970418472,31.374559670884636,342,1499.658
0,7624,8376,106,0,0,477,0.8007246666666662,0.31399933333333274,0.0,2.653,150.24646269841259,54.988669194694126,342,1499.658
0,9039,6961,47,0,0,1094,0.651339333333333,0.32577799999999996,0.0,5.848,123.82392932900434,57.57610952380952,342,1499.658
0,7331,8229,156,0,0,242,0.7022106666666662,0.16699266666666643,0.0,0.767,135.94404195526698,29.768133297258302,342,1499.658
0,8857,7096,0,0,0,1283,0.2832793333333335,0.38672466666666633,0.0,6.903,52.55512384559881,68.44447103174599,342,1499.658
0,7305,8131,0,0,0,275,0.5964153333333337,0.15727866666666687,0.0,1.096,110.8429354256854,28.06116764069263,342,1499.658
0,7330,8670,0,0,0,178,0.692357333333334,0.2123540000000002,0.0,1.126,131.62374541847035,37.51477922077916,342,1499.658
0,8001,7999,0,0,0,298,0.9007446666666675,0.2873593333333337,0.0,1.604,166.92092092352092,50.54187698412697,342,1499.658
0,8158,7842,0,0,0,481,0.8534893333333332,0.36515133333333283,0.0,4.133,161.09377445887455,65.56661388888891,342,1499.658
0,7798,8202,0,0,0,397,0.8799793333333329,0.35283666666666635,0.0,3.3,164.942173021423,61.648776010101045,342,1499.658
0,7808,8192,0,0,0,390,0.9174466666666672,0.3832326666666665,0.0,4.065,175.34807936507931,66.48485977633472,342,1499.658
0,7828,8172,101,0,0,202,0.9641360000000002,0.3746506666666669,0.0,3.487,183.41737204184713,66.83058095238088,342,1499.658
0,8234,7766,73,0,0,690,0.9446326666666682,0.38791266666666674,0.0,6.575,176.22736020923534,68.80883679653678,342,1499.658
0,7621,8379,194,0,0,147,0.9616986666666656,0.34986800000000035,0.0,1.793,187.03411547619038,61.876897041846995,342,1499.658
0,7904,8096,100,0,0,243,0.9491100000000026,0.361346,0.0,3.088,181.24429779942278,64.8570273088023,342,1499.658
0,8006,7994,50,0,0,457,0.9190046666666661,0.37410133333333373,0.0,4.114,173.66157619047607,66.28739541847045,342,1499.658
0,7937,8063,150,0,0,469,0.9035566666666678,0.35506800000000044,0.0,3.688,171.91943771506277,62.52911998557002,342,1499.658
0,7969,8030,16,0,0,380,0.8871400000000015,0.3368360000000001,0.0,3.5,168.06047923742926,60.09767370129867,342,1499.658
0,7960,8039,103,0,0,553,0.9043179999999997,0.3488939999999998,0.0,3.397,171.74710272227767,60.901818867243925,342,1499.658
0,7957,8042,74,0,0,486,0.8875900000000012,0.36139266666666664,0.0,4.41,166.9197323787323,63.43500295815295,342,1499.658
0,8237,7763,0,0,0,979,0.5411999999999998,0.3878286666666666,0.0,7.335,101.18076565656565,68.31910753968255,342,1499.658
0,7453,8547,0,0,0,0,0.837024000000001,0.18134799999999973,0.0,0.0,158.41484065656562,31.79445826118324,342,1499.658
0,7791,8209,158,0,0,373,0.893988666666666,0.3209726666666665,0.0,2.441,170.0596117882119,56.73571785714288,342,1499.658
0,7905,8091,235,0,0,280,0.9353286666666666,0.3242119999999996,0.0,1.551,177.89553732933734,56.69342178932179,342,1499.658
0,8319,7679,194,0,0,745,0.8096913333333327,0.37152666666666645,0.0,5.079,156.59390766455758,65.12465476190476,342,1499.658
0,7872,8125,0,0,0,384,0.8004673333333333,0.3406666666666665,0.0,1.748,149.76304101454127,59.67639855699859,342,1499.658
0,7970,8023,12,0,0,499,0.7763426666666684,0.3029213333333334,0.0,4.051,146.10679090354103,53.00451861471862,342,1499.658
0,7855,8142,24,0,0,534,0.7526879999999999,0.33215199999999984,0.0,4.021,141.9069667221666,58.80757103174612,342,1499.658
0,7598,8402,181,0,0,192,0.8800260000000003,0.2585126666666668,0.0,1.507,170.83301994394498,45.171664610389605,342,1499.658
0,5917,8815,2008,0,0,0,0.9861299999999955,0.07036733333333306,0.0,0.0,242.0663813492075,12.422578391053403,342,1499.658
0,5221,8568,2899,0,0,0,0.9963506666666626,0.0012613333333333341,0.0,0.0,298.31086547619043,0.211772582972583,342,1499.658
0,3682,8350,4381,0,0,0,0.9975126666666734,0.00015600000000000005,0.0,0.0,356.5933976190468,0.024466089466089466,342,1499.658
0,5632,8263,2380,0,0,0,0.9845599999999983,0.025784666666666685,0.0,0.0,316.4778198412697,4.4637329365079355,342,1499.658
0,7665,8324,387,0,0,0,0.9610906666666674,0.14525333333333315,0.0,0.0,190.05835524753027,25.096781240981255,342,1499.658
0,8095,7905,0,0,0,575,0.8811833333333335,0.3881773333333333,0.0,5.417,165.46890194805206,68.33635616883124,342,1499.658
0,8070,7930,0,0,0,640,0.8387593333333331,0.3946406666666666,0.0,6.072,156.78892463924944,68.87536800144304,342,1499.658
0,7954,8046,0,0,0,489,0.8469753333333331,0.3914120000000006,0.0,5.779,158.83808102453094,68.8365134559885,342,1499.658
0,7882,8118,0,0,0,372,0.8620786666666662,0.3888646666666667,0.0,5.361,163.26478928571424,68.70574462481966,342,1499.658
0,8072,7928,0,0,0,449,0.8913333333333338,0.38207666666666706,0.0,4.823,165.31142085137094,68.32820999278506,342,1499.658
0,7993,8007,0,0,0,532,0.889562666666667,0.3926593333333333,0.0,6.403,167.5183428210677,69.05633264513264,342,1499.658
0,8041,7959,0,0,0,560,0.875251333333335,0.39256933333333294,0.0,7.078,163.67774950882455,69.12955645743146,342,1499.658
0,8096,7904,0,0,0,641,0.8657519999999993,0.39721866666666716,0.0,7.639,160.39345230880227,69.4644167388168,342,1499.658
0,7879,8121,0,0,0,370,0.9013606666666669,0.38598466666666614,0.0,5.388,169.5126608225107,68.59122925685425,342,1499.658
0,7741,8259,107,0,0,249,0.9689606666666672,0.3860779999999994,0.0,4.415,185.20281370851376,67.86439266844262,342,1499.658
0,7375,8625,735,0,0,0,0.9914760000000002,0.3235279999999998,0.0,0.097,201.21985833333332,57.28027156732157,342,1499.658
0,7533,8467,525,0,0,0,0.9865200000000006,0.3192993333333338,0.0,0.0,197.10406717171722,56.13186320346324,342,1499.658
0,7549,8451,372,0,0,0,0.9881039999999992,0.35142266666666694,0.0,0.018,196.12568293650787,62.16157189754695,342,1499.658
0,7701,8299,412,0,0,131,0.9882379999999998,0.3768706666666671,0.0,2.791,194.70048239538232,66.5832382756133,342,1499.658
0,7909,8091,0,0,0,369,0.9490233333333337,0.39020266666666714,0.0,6.63,179.65757041847044,69.1260874098124,342,1499.658
0,8022,7978,62,0,0,523,0.9476560000000004,0.3923386666666672,0.0,6.558,179.27930764790767,69.1016979437229,342,1499.658
0,8007,7993,0,0,0,532,0.8999326666666667,0.39432266666666643,0.0,7.234,168.55661208513692,69.32922287157291,342,1499.658
0,8086,7914,0,0,0,690,0.9284573333333331,0.3972766666666666,0.0,7.165,172.34508740981246,69.33243416305916,342,1499.658
0,8081,7919,0,0,0,539,0.917562000000001,0.39031399999999977,0.0,6.898,170.4532030303032,69.20326789321801,342,1499.658
0,8025,7975,0,0,0,646,0.9152986666666661,0.3970566666666668,0.0,6.863,170.77339963924967,69.2096416666666,342,1499.658
0,8032,7968,0,0,0,501,0.9082086666666674,0.38971133333333247,0.0,5.801,170.16491486291494,68.71376131923641,342,1499.658
0,7995,8005,0,0,0,608,0.9309693333333325,0.396965333333333,0.0,7.299,173.1219607864359,69.30749480519482,342,1499.658
0,7934,8066,0,0,0,441,0.9374146666666658,0.3923260000000003,0.0,6.724,177.35557637085157,69.11729137806641,342,1499.658
0,7930,8070,0,0,0,420,0.9314326666666665,0.39163666666666674,0.0,6.802,175.65069062049065,69.16728892496398,342,1499.658
0,8158,7842,0,0,0,687,0.911568,0.39322666666666645,0.0,6.816,170.52528250360763,69.1863138528139,342,1499.658
0,7991,8009,0,0,0,437,0.8994599999999994,0.38789199999999996,0.0,5.973,168.59783668831176,68.88410317460323,342,1499.658
0,7810,8190,0,0,0,465,0.8747493333333329,0.39970599999999995,0.0,7.556,166.9764145021646,69.36211512376514,342,1499.658
0,8057,7943,0,0,0,665,0.9103153333333311,0.3997486666666665,0.0,7.783,169.11773376623387,69.49694181096689,342,1499.658
0,8000,8000,0,0,0,626,0.9324266666666681,0.3991599999999994,0.0,7.828,173.51616810966826,69.44792067099571,342,1499.658
0,7910,8090,0,0,0,434,0.9339193333333335,0.39109733333333363,0.0,5.896,176.79619484126988,68.6805974386724,342,1499.658
0,7977,8023,60,0,0,496,0.9674946666666673,0.39294466666666666,0.0,7.256,181.80046821789327,69.32598733766233,342,1499.658
0,7795,8205,229,0,0,302,0.9835013333333339,0.38950666666666667,0.0,4.964,189.10583492063498,68.67415898268398,342,1499.658
0,7853,8147,81,0,0,402,0.9729226666666663,0.39520266666666654,0.0,6.61,184.83327896825423,69.14262687590188,342,1499.658
0,7876,8124,184,0,0,497,0.9812266666666669,0.39825799999999995,0.0,7.719,188.40152651515172,69.4784967893218,342,1499.658
0,8077,7923,0,0,0,677,0.9598706666666681,0.39898999999999984,0.0,7.764,179.02939754689748,69.4680381673882,342,1499.658
0,7892,8108,155,0,0,404,0.9656560000000001,0.3920933333333331,0.0,6.791,180.77694801587293,69.17548989898994,342,1499.658
0,7512,8488,512,0,0,18,0.9911826666666678,0.37062866666666594,0.0,1.941,198.05311984126956,65.91605104617607,342,1499.658
0,7851,8149,268,0,0,386,0.9863066666666671,0.39030066666666713,0.0,5.424,190.07608571428565,68.04296940836943,342,1499.658
0,7991,8009,0,0,0,504,0.9534626666666652,0.3950193333333335,0.0,7.097,179.89038914141415,69.30804834054832,342,1499.658
0,7949,8051,9,0,0,599,0.9548453333333324,0.39950533333333355,0.0,7.719,179.42076410533915,69.46479779942285,342,1499.658
0,7910,8090,89,0,0,442,0.9601140000000007,0.39040799999999976,0.0,5.426,182.14435995670985,68.66399393939396,342,1499.658
0,7602,8398,377,0,0,115,0.9853966666666677,0.3860726666666673,0.0,3.713,192.05581944444467,68.09433924963919,342,1499.658
0,7560,8440,479,0,0,1,0.9913933333333349,0.3699313333333339,0.0,0.641,197.55224999999996,65.42707316017317,342,1499.658
0,7391,8609,574,0,0,23,0.9916853333333333,0.3781806666666663,0.0,0.881,200.79885992063512,65.98692067099566,342,1499.658
0,7542,8458,460,0,0,57,0.9874906666666664,0.3726600000000001,0.0,1.146,196.9261815295816,65.71961114718611,342,1499.658
0,7605,8395,466,0,0,37,0.9887573333333348,0.3763986666666663,0.0,2.311,195.4837960317463,66.96883870851372,342,1499.658
0,7862,8138,151,0,0,213,0.983140666666666,0.384796666666667,0.0,5.529,188.3559424242423,68.75741190476192,342,1499.658
0,7644,8356,366,0,0,211,0.9896513333333341,0.3935826666666672,0.0,6.162,193.41565198412698,68.96900230880235,342,1499.658
0,7429,8571,515,0,0,23,0.9856173333333333,0.37536999999999937,0.0,2.0,197.66576904761905,66.0911221139971,342,1499.658
0,7696,8304,412,0,0,33,0.9902426666666695,0.3297179999999999,0.0,0.506,195.52220912698425,58.995411255411256,342,1499.658
0,7859,8141,268,0,0,318,0.9831040000000028,0.3909946666666666,0.0,6.429,186.5495104256852,69.06444729437231,342,1499.658
0,8009,7991,120,0,0,512,0.9699026666666684,0.3906919999999999,0.0,7.518,183.66165959595958,69.39362038239541,342,1499.658
0,7785,8215,184,0,0,145,0.9858460000000006,0.3830320000000001,0.0,5.247,188.79157976190487,68.3246246753247,342,1499.658
0,7682,8318,394,0,0,269,0.987042000000001,0.39215066666666715,0.0,5.329,193.51783571428578,68.43070728715729,342,1499.658
0,8006,7994,10,0,0,503,0.9669533333333338,0.3928746666666665,0.0,7.451,181.82448809523822,69.37160656565659,342,1499.658
0,7970,8030,0,0,0,492,0.9514086666666662,0.39569866666666637,0.0,7.722,178.9997854978356,69.48293376623378,342,1499.658
0,7894,8106,142,0,0,446,0.9800833333333332,0.39563733333333334,0.0,7.942,185.83599523809542,69.50126461038968,342,1499.658
0,8102,7898,19,0,0,574,0.9117833333333332,0.39312333333333366,0.0,7.649,172.0614855339106,69.50546551226552,342,1499.658
0,7787,8213,0,0,0,273,0.8992426666666666,0.38791133333333316,0.0,5.824,169.9081178571428,68.86447979797974,342,1499.658
0,8075,7925,28,0,0,498,0.9779293333333338,0.39120799999999994,0.0,7.59,182.00128621933612,69.41542518037521,342,1499.658
0,7982,8018,79,0,0,423,0.9786026666666667,0.3904886666666662,0.0,6.806,183.15396479076492,69.2307016955267,342,1499.658
0,7920,8080,54,0,0,491,0.9733093333333317,0.3963306666666659,0.0,7.998,184.7990107142858,69.52136107503614,342,1499.658
0,8059,7941,9,0,0,634,0.9701746666666666,0.39691866666666686,0.0,7.939,180.11134065656557,69.55885115440117,342,1499.658
0,7782,8218,163,0,0,274,0.9815819999999996,0.3905119999999995,0.0,5.281,189.8808158008659,68.79756176046179,342,1499.658
0,7995,8005,0,0,0,557,0.9479479999999985,0.3971939999999994,0.0,7.992,177.63151702741717,69.518724891775,342,1499.658
0,7907,8093,22,0,0,414,0.9611366666666662,0.3924613333333331,0.0,6.434,182.9805499999998,69.14281139971136,342,1499.658
0,8035,7965,0,0,0,529,0.9468946666666656,0.3936120000000003,0.0,7.891,176.87773427128448,69.52723567821077,342,1499.658
0,7999,8001,0,0,0,432,0.9290779999999984,0.39033600000000024,0.0,7.438,174.75118134920632,69.40096576479078,342,1499.658
0,7902,8098,52,0,0,416,0.9624033333333339,0.3924320000000005,0.0,6.421,180.57940829725808,69.10856302308805,342,1499.658
0,7983,8017,134,0,0,441,0.9809680000000008,0.3915060000000005,0.0,7.629,186.11649163059164,69.4485448412699,342,1499.658
0,7961,8039,13,0,0,508,0.9588853333333333,0.39609866666666704,0.0,7.948,179.01793611111108,69.5333523088023,342,1499.658
0,8048,7952,51,0,0,564,0.9474786666666682,0.39368533333333317,0.0,7.681,178.76568214285723,69.48994390331896,342,1499.658
0,7883,8117,93,0,0,487,0.9580726666666655,0.39911933333333316,0.0,7.349,181.68430750360753,69.33662128427136,342,1499.658
0,8018,7982,0,0,0,653,0.9590480000000006,0.4007853333333328,0.0,8.4,178.31466204906198,69.67208315295822,342,1499.658
0,7886,8114,109,0,0,473,0.9822013333333348,0.3971033333333337,0.0,7.268,186.55423611111115,69.34635660173166,342,1499.658
0,7652,8348,293,0,0,126,0.9874593333333359,0.3883660000000002,0.0,4.941,192.76601865079357,68.61338975468975,342,1499.658
0,7488,8512,450,0,0,49,0.9898826666666678,0.3820013333333332,0.0,1.779,197.95017619047627,66.94311313131314,342,1499.658
0,7376,8624,617,0,0,12,0.9924360000000019,0.33107466666666724,0.0,1.014,201.84738293650796,58.70384657287161,342,1499.658
0,7858,8142,282,0,0,136,0.9874726666666676,0.3404440000000004,0.0,2.162,190.10569841269822,60.29017626262632,342,1499.658
0,7390,8610,576,0,0,27,0.9909939999999997,0.371169333333333,0.0,1.397,198.68164166666662,65.22886753246759,342,1499.658
0,7362,8638,626,0,0,0,0.9926886666666676,0.29211933333333334,0.0,0.0,203.3762757936508,51.2794427489177,342,1499.658
0,7626,8374,298,0,0,0,0.9896213333333341,0.30574199999999957,0.0,0.0,194.45588571428556,53.88109368686874,342,1499.658
0,7479,8521,453,0,0,0,0.9919493333333366,0.3218573333333329,0.0,0.0,199.66773690476197,56.75803935786433,342,1499.658
0,7588,8412,229,0,0,12,0.9873960000000024,0.3510540000000001,0.0,0.849,195.11942777777787,62.047017568542564,342,1499.658
0,7777,8223,288,0,0,365,0.9884406666666675,0.3971773333333334,0.0,7.187,190.84202222222208,69.26020667388174,342,1499.658
0,7552,8448,405,0,0,54,0.9896573333333362,0.3841259999999996,0.0,3.654,196.40522579365057,67.93575970418478,342,1499.658
0,7745,8255,317,0,0,186,0.9849673333333355,0.38682666666666654,0.0,5.985,192.11941865079373,68.70484675324683,342,1499.658
0,7567,8433,334,0,0,105,0.9875626666666678,0.37405333333333235,0.0,3.72,194.0418880952381,66.1282626623377,342,1499.658
0,7873,8127,137,0,0,274,0.983068000000001,0.3840966666666666,0.0,5.635,188.6605146825396,67.95765642135649,342,1499.658
0,7916,8084,183,0,0,359,0.9859233333333355,0.38944533333333314,0.0,6.289,186.64613311688314,69.05276031746033,342,1499.658
0,7955,8045,141,0,0,482,0.9805593333333347,0.3941600000000001,0.0,7.721,185.2520892857142,69.45296158008657,342,1499.658
0,7875,8125,89,0,0,370,0.981282666666669,0.3916900000000002,0.0,6.209,186.5598178571428,69.0349279220779,342,1499.658
0,7977,8023,40,0,0,477,0.9602866666666656,0.3943393333333338,0.0,7.862,182.47167936507947,69.4758357142857,342,1499.658
0,7992,8008,48,0,0,483,0.9666946666666693,0.39259200000000044,0.0,7.881,180.253917063492,69.5525313131314,342,1499.658
0,8019,7981,0,0,0,508,0.9672579999999995,0.39199266666666627,0.0,7.481,180.7311071428573,69.41775707070713,342,1499.658
0,7968,8032,46,0,0,362,0.9679146666666653,0.38919600000000015,0.0,7.089,182.4621234126983,69.24171338383839,342,1499.658
0,7848,8152,270,0,0,317,0.9873453333333363,0.3901226666666668,0.0,6.48,187.27297500000014,69.04250717893221,342,1499.658
0,7917,8083,159,0,0,357,0.9812146666666662,0.3889953333333337,0.0,7.177,187.13453373015872,69.19626583694082,342,1499.658
0,7961,8039,71,0,0,389,0.9801913333333349,0.3889339999999998,0.0,7.085,183.93851410533895,69.24582658730158,342,1499.658
0,7904,8096,196,0,0,389,0.9874520000000012,0.39260333333333436,0.0,7.132,188.6275793650793,69.30485779220787,342,1499.658
0,7795,8205,117,0,0,266,0.9822293333333347,0.38924533333333294,0.0,6.303,187.4029658730158,69.05313131313139,342,1499.658
0,7706,8294,350,0,0,140,0.9891446666666679,0.383256666666666,0.0,4.08,193.74573412698436,68.2022352092352,342,1499.658
0,7921,8079,99,0,0,433,0.9823086666666696,0.39480466666666647,0.0,7.845,186.2214964285714,69.48680357142861,342,1499.658
0,8005,7995,16,0,0,432,0.9799000000000029,0.39086866666666675,0.0,7.745,183.4598408730159,69.47535090187596,342,1499.658
0,7852,8148,124,0,0,400,0.985033333333334,0.3956286666666662,0.0,7.291,187.98409613997111,69.31720634920642,342,1499.658
0,7841,8159,197,0,0,379,0.9843213333333352,0.3918999999999998,0.0,5.869,187.46842279942285,68.82727640692644,342,1499.658
0,7849,8151,152,0,0,382,0.9825513333333358,0.3940733333333337,0.0,7.052,187.7621239538241,69.23489852092354,342,1499.658
0,7670,8330,332,0,0,117,0.9872973333333378,0.3829386666666661,0.0,3.543,193.03817063492065,67.96086558441557,342,1499.658
0,7669,8331,259,0,0,92,0.9905760000000018,0.38118666666666734,0.0,3.3,194.00265436507954,67.91170057720059,342,1499.658
0,7644,8356,406,0,0,93,0.9914546666666729,0.37880466666666746,0.0,3.664,194.6614742063493,67.16390277777784,342,1499.658
0,7630,8370,266,0,0,125,0.9868246666666672,0.3827333333333337,0.0,3.362,193.310132936508,67.64792409812412,342,1499.658
0,7595,8405,403,0,0,157,0.9892259999999992,0.38962133333333254,0.0,4.94,195.96111706349194,68.33970580808077,342,1499.658
0,7484,8516,616,0,0,159,0.9907213333333308,0.3860573333333329,0.0,3.518,196.66209722222226,67.33161150793661,342,1499.658
0,7484,8516,464,0,0,3,0.9895386666666652,0.3609153333333339,0.0,0.415,199.01819523809536,63.262042604617605,342,1499.658
0,7550,8450,575,0,0,0,0.9925166666666673,0.3442099999999999,0.0,0.003,197.55245436507957,61.48854671717172,342,1499.658
0,7604,8396,442,0,0,43,0.9908306666666694,0.35655466666666635,0.0,1.281,195.87196587301594,63.08205367965368,342,1499.658
0,7671,8329,333,0,0,141,0.9700806666666678,0.35430200000000006,0.0,1.641,190.6279027777777,62.84521691919191,342,1499.658
0,7345,8655,633,0,0,0,0.9916579999999996,0.32834733333333316,0.0,0.023,202.5387392857138,57.44188686868686,342,1499.658
0,7548,8452,509,0,0,0,0.9915673333333355,0.30654333333333295,0.0,0.0,196.49618650793656,53.406490476190484,342,1499.658
0,7381,8619,490,0,0,0,0.9908726666666697,0.29161333333333334,0.0,0.0,201.16625238095241,51.9079308080808,342,1499.658
0,7704,8296,388,0,0,64,0.9853299999999955,0.3325013333333334,0.0,1.033,194.65619761904713,58.27011706349204,342,1499.658
0,7639,8361,382,0,0,241,0.9653259999999985,0.3592980000000006,0.0,3.446,186.19079404761916,63.53416749639251,342,1499.658
0,7592,8408,457,0,0,28,0.9767853333333293,0.3423380000000001,0.0,1.276,192.9007619047618,61.009959199134144,342,1499.658
0,7859,8141,265,0,0,262,0.9229319999999995,0.34615733333333326,0.0,4.564,182.78078095238095,61.00194404761906,342,1499.658
0,7521,8479,488,0,0,0,0.9848300000000022,0.31525266666666696,0.0,0.0,195.02239206349233,56.15731695526692,342,1499.658
0,8053,7947,49,0,0,504,0.9022333333333336,0.36982666666666647,0.0,5.014,171.61583470418486,65.11355685425681,342,1499.658
0,7697,8303,94,0,0,192,0.9487886666666672,0.37239199999999917,0.0,3.3,179.0492170634921,65.798038059163,342,1499.658
0,7593,8407,351,0,0,168,0.9810139999999989,0.3736126666666676,0.0,2.982,193.9192813492064,65.69561360028861,342,1499.658
0,8279,7721,0,0,0,627,0.8609906666666652,0.3863873333333332,0.0,6.416,163.0438257215008,68.90669801587303,342,1499.658
0,8074,7926,0,0,0,585,0.8210193333333342,0.3600773333333335,0.0,4.36,154.10522478354972,63.4011507936508,342,1499.658
0,7710,8290,0,0,0,396,0.7746800000000001,0.36718866666666655,0.0,4.359,145.06834365079368,63.6151747113997,342,1499.658
0,8978,7022,0,0,0,1438,0.6369620000000006,0.394188,0.0,8.092,119.04123661616167,69.6756178571429,342,1499.658
0,7259,8536,0,0,0,150,0.54134,0.18757533333333298,0.0,1.319,101.32129047619057,33.234544660894606,342,1499.658
0,7670,8330,0,0,0,0,0.8464826666666678,0.25542200000000004,0.0,0.0,158.58732222222224,45.37100519480517,342,1499.658
0,8712,7288,13,0,0,1005,0.729704,0.37084800000000023,0.0,4.958,137.97124534632027,66.03061269841268,342,1499.658
0,8445,7555,0,0,0,1055,0.24016466666666653,0.3987240000000003,0.0,7.749,45.290466125541045,69.56666706349213,342,1499.658
0,7707,8293,0,0,0,214,0.4170159999999995,0.22640133333333326,0.0,0.924,78.60870339105337,39.76272463924965,342,1499.658
0,8101,7625,0,0,0,1144,0.12867733333333337,0.37373866666666716,0.0,5.496,23.66660865800863,65.3611952380953,342,1499.658
0,7476,8365,0,0,0,0,0.6567859999999992,0.13452466666666638,0.0,0.0,121.68378055555549,23.802670021645056,342,1499.658
0,8920,6979,0,0,0,1376,0.24941399999999977,0.3894780000000005,0.0,7.296,46.89522081529575,68.9230936507936,342,1499.658
0,7763,8214,0,0,0,416,0.12222000000000001,0.35558399999999984,0.0,2.667,22.865250000000003,62.65240674603178,342,1499.658
0,7147,8745,0,0,0,204,0.3573940000000002,0.20987733333333305,0.0,1.342,67.74428134920632,37.17277976190464,342,1499.658
0,8095,7846,0,0,0,73,0.7836686666666677,0.20009799999999986,0.0,1.407,145.7067551587302,35.41668968253969,342,1499.658
0,8190,7810,0,0,0,628,0.767447333333332,0.37067066666666676,0.0,4.77,143.03851071428554,65.78312936507935,342,1499.658
0,8097,7903,0,0,0,565,0.6840593333333328,0.3673726666666664,0.0,4.332,128.23591944444436,64.84603571428569,342,1499.658
0,8189,7811,0,0,0,649,0.5572233333333333,0.3812360000000002,0.0,4.978,104.56732182539692,67.6646527777777,342,1499.658
0,7577,8423,0,0,0,56,0.6305146666666662,0.27117599999999986,0.0,1.381,119.35130873015872,48.251205050505014,342,1499.658
0,8008,7992,0,0,0,447,0.7253753333333336,0.365389333333333,0.0,4.037,136.69235952380956,64.71545317460318,342,1499.658
0,7895,8105,0,0,0,562,0.5617886666666679,0.3785226666666663,0.0,5.773,106.04999523809519,66.91272059884564,342,1499.658
0,7626,8374,0,0,0,110,0.8213966666666662,0.33278066666666595,0.0,1.981,154.74441547619057,57.97132229437232,342,1499.658
0,8183,7817,0,0,0,600,0.8568973333333332,0.3831439999999995,0.0,4.842,159.443225,68.06469880952372,342,1499.658
0,7886,8114,0,0,0,413,0.8090646666666667,0.3808740000000001,0.0,4.787,152.53062103174602,66.83829404761907,342,1499.658
0,8184,7816,0,0,0,707,0.8554633333333326,0.3911659999999998,0.0,6.437,159.4302123376624,69.02650396825395,342,1499.658
0,8177,7823,0,0,0,686,0.8438913333333335,0.3905126666666665,0.0,5.426,156.60157650682658,68.50351111111112,342,1499.658
0,7868,8132,0,0,0,363,0.7954226666666672,0.37007200000000073,0.0,5.024,147.94981266233756,65.98251165223667,342,1499.658
0,8084,7916,0,0,0,587,0.8182319999999988,0.38285866666666674,0.0,5.268,153.19777808302803,67.70068571428578,342,1499.658
0,8052,7948,0,0,0,585,0.8054926666666653,0.37459066666666613,0.0,5.209,149.25375562770557,66.13355476190475,342,1499.658
0,8162,7838,0,0,0,365,0.8141119999999997,0.3702006666666658,0.0,5.146,151.04674202741708,66.79154523809527,342,1499.658
0,7916,8084,15,0,0,485,0.8815813333333353,0.38569333333333305,0.0,5.043,163.48976706349222,67.16602976190482,342,1499.658
0,8167,7833,0,0,0,641,0.8773426666666665,0.3796606666666669,0.0,5.377,162.1808914141414,67.28952301587302,342,1499.658
0,7812,8188,5,0,0,307,0.8954826666666674,0.3711800000000001,0.0,4.861,168.5078912698412,65.61287539682544,342,1499.658
0,8401,7599,0,0,0,931,0.881804,0.39505933333333293,0.0,7.41,164.0113734126987,69.21380952380956,342,1499.658
0,8156,7844,0,0,0,726,0.714161333333333,0.39454333333333336,0.0,6.716,134.87767142857138,69.15479761904757,342,1499.658
0,7477,8523,134,0,0,24,0.827894666666665,0.278506666666667,0.0,0.929,158.75382182539673,49.28884126984128,342,1499.658
0,8203,7797,0,0,0,612,0.7825873333333335,0.3788980000000003,0.0,5.052,147.93075396825404,66.72696626984131,342,1499.658
0,7328,8672,186,0,0,0,0.8941720000000016,0.2998159999999993,0.0,0.165,173.14195079365075,52.41400844155846,342,1499.658
0,6898,9102,1025,0,0,0,0.9930139999999997,0.19415133333333365,0.0,0.0,209.23922619047624,33.8032421717172,342,1499.658
0,8489,7408,342,0,0,490,0.7845693333333321,0.2038893333333335,0.0,3.139,161.07919707792217,36.470141666666635,342,1499.658
0,6833,8525,770,0,0,0,0.8599719999999974,0.0943700000000001,0.0,0.019,182.08525775613268,16.841048448773495,342,1499.658
0,8013,7987,0,0,0,793,0.5539359999999997,0.3812426666666662,0.0,6.086,103.92298560606054,66.38364047619046,342,1499.658
0,7572,8428,171,0,0,0,0.9484886666666668,0.14545133333333363,0.0,0.0,179.37182936507932,25.7180273809524,342,1499.658
0,6954,8915,888,0,0,0,0.9376040000000018,0.14322200000000007,0.0,0.0,196.33823650793633,25.268113095238103,342,1499.658
0,6163,8524,1967,0,0,0,0.9956293333333257,0.0010260000000000022,0.0,0.0,245.92139761904886,0.16984224386724395,342,1499.658
0,7832,8168,148,0,0,13,0.9477673333333348,0.19950266666666697,0.0,0.935,183.76435436507919,34.529525252525275,342,1499.658
0,6116,9010,1721,0,0,0,0.9953573333333261,0.03638533333333366,0.0,0.0,239.02757142857175,6.278594805194816,342,1499.658
0,7225,8464,729,0,0,0,0.9885486666666612,0.02112200000000006,0.0,0.0,209.68093888888913,3.7557853174603184,342,1499.658
0,7586,8386,490,0,0,0,0.9611193333333296,0.1266220000000002,0.0,0.0,191.88358928571424,22.58463668831171,342,1499.658
0,7331,8669,748,0,0,0,0.9931726666666668,0.07303400000000014,0.0,0.0,204.1542107142857,12.602636111111131,342,1499.658
0,7443,8557,495,0,0,0,0.9913213333333347,0.04395466666666671,0.0,0.0,198.85436071428558,7.751282251082253,342,1499.658
0,7443,8486,667,0,0,0,0.9932673333333374,0.018728666666666678,0.0,0.0,201.17851428571433,3.2832171717171703,342,1499.658
0,7534,8435,391,0,0,0,0.991153333333336,0.018202,0.0,0.0,196.8407492063494,3.19346937229437,342,1499.658
0,7449,8551,488,0,0,0,0.9922446666666682,0.0727993333333334,0.0,0.0,199.71798690476186,12.690806818181827,342,1499.658
0,7574,8426,340,0,0,0,0.9895206666666685,0.09862466666666676,0.0,0.0,197.02838611111096,17.43013445165946,342,1499.658
0,7576,8424,375,0,0,0,0.9898866666666682,0.14391133333333325,0.0,0.0,195.10323214285725,25.383593795093798,342,1499.658
0,7774,8226,304,0,0,0,0.9841093333333353,0.21006800000000014,0.0,0.0,192.30376388888894,36.89617640692641,342,1499.658
0,7540,8460,362,0,0,140,0.9680046666666652,0.34748666666666544,0.0,2.456,191.32778769841266,61.54654365079368,342,1499.658
0,8076,7924,201,0,0,345,0.9618206666666665,0.3314899999999998,0.0,2.078,184.98041984126976,58.527670238095276,342,1499.658
0,8020,7980,0,0,0,632,0.8045166666666664,0.35801333333333313,0.0,4.488,151.47038095238082,62.66807380952376,342,1499.658
0,8160,7840,0,0,0,645,0.6701373333333345,0.3864893333333335,0.0,5.87,126.50677976190482,68.43530555555553,342,1499.658
0,7437,8563,2,0,0,0,0.8800066666666687,0.22968533333333344,0.0,0.0,166.32577380952367,40.965774206349174,342,1499.658
0,8610,7390,24,0,0,1001,0.7978420000000006,0.3650380000000003,0.0,4.85,151.0044704906204,63.80082142857142,342,1499.658
0,8602,7398,0,0,0,1127,0.4356126666666667,0.3863766666666661,0.0,6.555,81.46349931457424,67.7610611111111,342,1499.658
0,7404,8596,0,0,0,445,0.14519799999999997,0.3397513333333328,0.0,4.481,27.40480396825398,59.891302777777724,342,1499.658
0,8443,7194,0,0,0,649,0.5762560000000004,0.22800599999999988,0.0,4.163,107.60073827561318,40.47649556277053,342,1499.658
0,7534,8466,0,0,0,475,0.2884106666666666,0.3043859999999997,0.0,3.326,54.97853373015878,53.264490873015916,342,1499.658
0,7737,8263,0,0,0,0,0.6878213333333336,0.1683553333333332,0.0,0.0,126.64278571428581,29.60209880952383,342,1499.658
0,7880,8120,0,0,0,640,0.636308666666666,0.28272466666666685,0.0,3.666,119.99123928571422,50.253977958152866,342,1499.658
0,8624,7376,0,0,0,747,0.8218300000000003,0.262431333333333,0.0,2.436,153.89737904040408,46.42752420634923,342,1499.658
0,7351,8358,0,0,0,768,0.40336200000000005,0.2204553333333328,0.0,3.652,75.82339783549786,38.69527276334769,342,1499.658
0,8189,7811,0,0,0,208,0.7057819999999998,0.2607900000000001,0.0,1.658,132.65760039682516,46.28064087301581,342,1499.658
0,7924,8076,0,0,0,271,0.8585306666666661,0.28925199999999973,0.0,2.466,163.26161349206345,51.452893217893255,342,1499.658
0,8404,7333,0,0,0,1541,0.26783866666666656,0.36071866666666635,0.0,6.652,50.98864718614713,64.10657074314575,342,1499.658
0,7117,8709,0,0,0,0,0.556051333333334,0.106548,0.0,0.0,105.44869920634909,18.561750541125516,342,1499.658
0,9336,6581,0,0,0,1389,0.5492200000000002,0.28479266666666647,0.0,4.486,103.25207044067038,49.93982142857144,342,1499.658
0,8056,5929,0,0,0,2652,0.0003393333333333332,0.4011753333333333,0.0,8.584,0.05673095238095242,69.97900952380954,342,1499.658
0,7963,5893,0,0,0,2577,0.0003879999999999996,0.3939666666666665,0.0,8.445,0.06978740981240991,69.95154087301594,342,1499.658
0,8000,6926,0,0,0,1574,0.03076466666666675,0.38608066666666674,0.0,5.988,5.787519011544016,68.16896746031749,342,1499.658
0,8017,6737,0,0,0,1772,0.0044986666666666664,0.39685066666666663,0.0,8.505,0.8110480158730159,69.9218214285714,342,1499.658
0,7176,8824,0,0,0,115,0.3235913333333334,0.22931266666666664,0.0,1.228,61.42231547619045,40.04323333333336,342,1499.658
0,8001,7999,0,0,0,139,0.5091893333333336,0.2944033333333331,0.0,1.919,96.58099087301595,52.72334920634918,342,1499.658
0,7928,8072,0,0,0,258,0.5180473333333335,0.3478640000000005,0.0,2.14,97.00481949439438,62.206921825396854,342,1499.658
0,8213,7787,0,0,0,655,0.50877,0.37407266666666716,0.0,3.917,93.8401289377289,66.37233730158731,342,1499.658
0,7932,8068,0,0,0,570,0.5159593333333321,0.3780426666666667,0.0,4.686,96.25687427849915,65.77974761904763,342,1499.658
0,7992,8008,0,0,0,450,0.5583360000000005,0.36034666666666637,0.0,3.236,104.83822250249753,63.22463650793653,342,1499.658
0,7885,8115,0,0,0,409,0.579682666666667,0.3753513333333337,0.0,4.281,109.19620168720171,66.2967174603175,342,1499.658
0,8067,7933,0,0,0,445,0.6055646666666676,0.3564360000000002,0.0,2.822,113.36373034188047,63.776661111111046,342,1499.658
0,7663,8337,0,0,0,308,0.6328699999999998,0.36114600000000036,0.0,2.535,118.4705758214009,63.59418398268398,342,1499.658
0,8029,7971,0,0,0,417,0.7129526666666665,0.33757066666666685,0.0,2.732,133.6876563492063,60.31421468253972,342,1499.658
0,7863,8137,0,0,0,238,0.8031060000000003,0.3448113333333333,0.0,2.365,148.9667490703742,61.972050396825466,342,1499.658
0,7524,8476,325,0,0,19,0.9855919999999984,0.30287133333333316,0.0,0.658,191.30641468253987,54.13948611111113,342,1499.658
0,6947,8835,1090,0,0,0,0.9946373333333272,0.0600233333333334,0.0,0.0,214.55888095237884,10.636631746031753,342,1499.658
0,8245,7755,7,0,0,175,0.7854173333333329,0.2838199999999995,0.0,2.36,151.65774484126985,50.6222043650794,342,1499.658
0,7980,8020,0,0,0,520,0.6451693333333344,0.37565600000000016,0.0,5.128,120.9224964285714,66.98297261904763,342,1499.658
0,6326,8906,1459,0,0,0,0.9710913333333268,0.08148399999999972,0.0,0.0,222.06964523809444,14.228240043290096,342,1499.658
0,4680,8551,3397,0,0,0,0.9968146666666793,0.00020866666666666706,0.0,0.0,307.58618333333305,0.033804906204906206,342,1499.658
0,5314,8503,2691,0,0,0,0.996283333333339,0.0006220000000000003,0.0,0.0,301.45272380952343,0.10315999278499284,342,1499.658
0,7960,8036,89,0,0,234,0.8622779999999988,0.24376533333333295,0.0,2.243,164.13779880952373,42.99694880952381,342,1499.658
0,7294,8328,987,0,0,0,0.9693900000000008,0.09336066666666665,0.0,0.0,208.81592619047592,16.365549170274168,342,1499.658
0,7310,8690,603,0,0,0,0.9738733333333288,0.24735800000000002,0.0,0.0,194.45429047619058,43.534548232323246,342,1499.658
0,7521,8479,432,0,0,0,0.9905706666666667,0.15155533333333307,0.0,0.0,199.00029563492063,26.966073015873025,342,1499.658
0,7526,8474,427,0,0,0,0.9885553333333319,0.22310399999999997,0.0,0.0,196.9051880952381,38.85808971861469,342,1499.658
0,7444,8556,489,0,0,0,0.9918506666666661,0.2472853333333336,0.0,0.0,199.00247777777784,43.46357287157288,342,1499.658
0,7466,8534,476,0,0,0,0.990665333333335,0.24997066666666626,0.0,0.0,199.45716865079388,43.79251562049065,342,1499.658
0,7399,8601,519,0,0,0,0.9916513333333349,0.24625866666666643,0.0,0.0,201.10421785714297,42.94878131313132,342,1499.658
0,7458,8542,525,0,0,0,0.9906793333333339,0.19058799999999995,0.0,0.0,198.7774115079364,33.90518611111112,342,1499.658
0,7494,8506,523,0,0,0,0.9907220000000012,0.15093866666666675,0.0,0.0,199.79214206349192,26.868340873015867,342,1499.658
0,7694,8280,492,0,0,0,0.9682946666666694,0.10675199999999994,0.0,0.0,192.49989816017305,19.009583333333335,342,1499.658
0,8445,7555,0,0,0,662,0.771598000000001,0.35955466666666674,0.0,4.808,144.18245772005764,64.00411746031742,342,1499.658
0,6249,8969,1262,0,0,68,0.8720253333333311,0.18820066666666657,0.0,1.052,191.7068607142856,33.014575468975416,342,1499.658
0,5819,8579,2081,0,0,0,0.9941833333333291,0.0046773333333333285,0.0,0.0,270.5025321428567,0.8126890331890343,342,1499.658
0,6973,8502,1087,0,0,0,0.9935533333333356,0.009789333333333337,0.0,0.0,217.84064880952306,1.7088571428571413,342,1499.658
0,7095,8031,1198,0,0,0,0.9643426666666606,0.03441666666666666,0.0,0.0,218.08629166666793,6.099127777777776,342,1499.658
0,8460,7540,0,0,0,897,0.6311826666666666,0.3893820000000007,0.0,6.906,117.21479960317465,68.03230277777779,342,1499.658
0,6933,9017,245,0,0,0,0.8294293333333311,0.14758800000000002,0.0,0.0,163.44744523809524,25.785376010101004,342,1499.658
0,8535,7465,41,0,0,496,0.8404393333333318,0.23363066666666665,0.0,3.029,159.3482253968254,41.09234325396824,342,1499.658
0,7719,8281,32,0,0,254,0.8005753333333337,0.3120239999999997,0.0,2.634,151.6678611111112,54.627790007215076,342,1499.658
0,8294,7706,0,0,0,935,0.6627033333333326,0.4018233333333337,0.0,8.04,124.80178373015865,69.65872738095239,342,1499.658
0,7864,8136,46,0,0,508,0.7541479999999996,0.3210933333333335,0.0,3.784,141.1848232323232,55.77687442279941,342,1499.658
0,7825,8175,0,0,0,384,0.6665299999999993,0.3908580000000004,0.0,6.144,124.74921230158732,68.68068650793649,342,1499.658
0,7552,8448,126,0,0,0,0.9497046666666685,0.32523733333333366,0.0,0.104,180.20904761904762,57.65308333333331,342,1499.658
0,8164,7836,29,0,0,810,0.8318446666666666,0.32821466666666665,0.0,4.536,157.1574837301587,58.34840328282825,342,1499.658
0,8223,7777,0,0,0,598,0.8051959999999986,0.34539466666666724,0.0,3.121,150.2037460317461,60.09629603174601,342,1499.658
0,7742,8258,0,0,0,157,0.8480186666666666,0.3376386666666668,0.0,2.211,157.6776285714285,60.10962341269838,342,1499.658
0,8585,7415,0,0,0,1162,0.6099659999999989,0.4000666666666669,0.0,8.551,114.63286666666662,69.8430753968254,342,1499.658
0,7942,8058,0,0,0,479,0.7732066666666667,0.3295206666666665,0.0,2.155,142.86916230158752,57.905132106782176,342,1499.658
0,8165,7835,0,0,0,643,0.5620373333333328,0.39283533333333354,0.0,7.846,104.92100595238092,69.5483432539683,342,1499.658
0,8479,7521,0,0,0,932,0.4462593333333333,0.3914639999999998,0.0,7.072,84.02344166666659,69.28621428571435,342,1499.658
0,7981,8019,0,0,0,466,0.13546200000000005,0.37733733333333347,0.0,4.534,25.245528571428572,66.88857738095231,342,1499.658
0,8371,6725,0,0,0,1644,0.03996666666666687,0.39053933333333346,0.0,8.336,7.432307936507952,69.90086904761908,342,1499.658
0,8061,6961,0,0,0,1512,0.0010146666666666665,0.3952913333333339,0.0,8.468,0.18161428571428606,69.91516666666664,342,1499.658
0,7948,5984,0,0,0,2401,0.0002806666666666669,0.39143533333333325,0.0,8.393,0.048288961038961076,69.96949047619053,342,1499.658
0,8077,6637,0,0,0,1910,0.0010666666666666665,0.3977046666666667,0.0,8.542,0.18948293650793652,69.94288095238093,342,1499.658
0,7697,7605,0,0,0,978,0.04561066666666665,0.38172666666666716,0.0,5.615,8.494986111111109,67.62101785714292,342,1499.658
0,7777,8036,0,0,0,302,0.5465626666666666,0.1561746666666663,0.0,1.098,102.7957318181817,27.746785353535362,342,1499.658
0,8068,7932,0,0,0,615,0.228522,0.39149199999999984,0.0,6.052,43.11702777777777,68.41609920634922,342,1499.658
0,7719,8281,0,0,0,198,0.4564273333333337,0.3045313333333328,0.0,2.297,85.97459365079371,53.858757864357834,342,1499.658
0,7745,8255,0,0,0,227,0.5330326666666659,0.32597199999999943,0.0,2.457,100.66941071428568,57.74239047619049,342,1499.658
0,7890,8110,0,0,0,464,0.6458960000000002,0.3968773333333332,0.0,7.216,120.79549999999999,69.3611111111111,342,1499.658
0,8048,7952,0,0,0,662,0.6515826666666659,0.3940646666666669,0.0,6.979,123.31575198412705,68.68852579365077,342,1499.658
0,7872,8128,0,0,0,453,0.7305666666666665,0.38439133333333386,0.0,4.457,136.7761592712842,67.12145515873017,342,1499.658
0,7895,8105,0,0,0,333,0.7015893333333332,0.372359333333333,0.0,3.979,131.77606590909096,66.1882690476191,342,1499.658
0,8349,7651,0,0,0,873,0.6644280000000005,0.39375800000000016,0.0,7.502,124.78951587301579,69.2183523809524,342,1499.658
0,7402,8598,0,0,0,156,0.703348666666666,0.35462466666666714,0.0,2.246,131.6705059523809,61.94255555555558,342,1499.658
0,7902,8098,86,0,0,261,0.9465146666666672,0.33462266666666707,0.0,2.83,180.0326845238096,58.78412658730159,342,1499.658
0,7943,8057,191,0,0,373,0.9204666666666695,0.3718060000000002,0.0,5.099,176.30229166666666,66.29594246031743,342,1499.658
0,8407,7593,0,0,0,860,0.6228686666666655,0.3826433333333334,0.0,6.36,118.77005977633479,68.45713293650792,342,1499.658
0,7284,8716,25,0,0,25,0.7087879999999984,0.3243139999999996,0.0,0.72,131.7149166666667,57.26256944444433,342,1499.658
0,7733,8267,381,0,0,0,0.9903826666666673,0.26347933333333323,0.0,0.0,190.80550000000014,46.61854166666669,342,1499.658
0,7428,8572,580,0,0,0,0.9856406666666687,0.22081600000000007,0.0,0.0,202.6127023809523,39.16739722222221,342,1499.658
0,8349,7651,251,0,0,613,0.896796000000002,0.30371599999999976,0.0,2.333,175.13575317460297,54.094144841269866,342,1499.658
0,8167,7833,0,0,0,709,0.46873799999999993,0.3925839999999999,0.0,7.172,88.2979464285715,68.92510714285719,342,1499.658
0,8039,7961,0,0,0,685,0.7087699999999993,0.2691433333333332,0.0,2.379,132.1777628427128,46.47497918470422,342,1499.658
0,7690,8310,0,0,0,665,0.31310933333333363,0.38005599999999934,0.0,5.902,59.3960115079365,66.07060526695527,342,1499.658
0,7210,8561,316,0,0,0,0.9267173333333323,0.029533333333333335,0.0,0.0,181.00078055555545,5.210297871572863,342,1499.658
0,7379,8621,542,0,0,0,0.9291399999999957,0.2122933333333333,0.0,0.0,184.93867817460313,37.11135339105341,342,1499.658
0,7350,8377,770,0,0,0,0.9883446666666676,0.027854666666666705,0.0,0.0,208.53006904761855,4.922355519480518,342,1499.658
0,8092,7908,0,0,0,538,0.6832253333333337,0.32639866666666667,0.0,3.12,127.47835595238075,57.41852777777772,342,1499.658
0,7121,8782,705,0,0,0,0.9840866666666683,0.07197999999999997,0.0,0.0,202.6771845238091,12.564915079365099,342,1499.658
0,7964,8036,134,0,0,644,0.7744093333333323,0.26328999999999997,0.0,2.762,144.41194433621928,46.29891973304471,342,1499.658
0,7290,8447,698,0,0,0,0.9919286666666619,0.02530733333333339,0.0,0.0,203.45247023809463,4.5189623015873055,342,1499.658
0,7864,7698,627,0,0,260,0.9160566666666683,0.13721933333333322,0.0,1.34,192.9536531746032,23.852194047619037,342,1499.658
0,8332,7668,0,0,0,1206,0.3330113333333328,0.3817073333333336,0.0,6.875,62.24183192640702,66.77006688311687,342,1499.658
0,5940,8824,1105,0,0,0,0.8984966666666698,0.027381333333333382,0.0,0.0,192.76721428571418,4.668222222222229,342,1499.658
0,6171,8470,1827,0,0,0,0.9953793333333253,0.0023900000000000006,0.0,0.0,260.5329845238098,0.41043896103896127,342,1499.658
0,7270,8388,771,0,0,0,0.9880259999999954,0.01864466666666667,0.0,0.0,207.12967857142863,3.3446904761904785,342,1499.658
0,9492,6456,21,0,0,1478,0.6731566666666661,0.27791866666666637,0.0,4.459,125.46048319735826,49.25396547619049,342,1499.658
0,7751,7679,0,0,0,895,0.035145333333333306,0.3866679999999997,0.0,5.161,6.661501984126984,67.6809861111111,342,1499.658
0,5884,8898,769,0,0,138,0.5642259999999985,0.14583466666666609,0.0,1.826,122.02959166666666,25.98324145021642,342,1499.658
0,6077,8519,1982,0,0,0,0.9956459999999956,0.0008466666666666676,0.0,0.0,251.9298666666672,0.14089206349206385,342,1499.658
0,6258,8393,1806,0,0,0,0.9955319999999904,0.0010693333333333336,0.0,0.0,239.5671333333341,0.1783781746031749,342,1499.658
0,7696,8159,620,0,0,0,0.9737173333333322,0.05583733333333333,0.0,0.0,199.03862222222216,10.009829365079353,342,1499.658
0,8362,7638,0,0,0,699,0.6346046666666684,0.3865326666666663,0.0,7.298,119.35147579365079,67.84392460317464,342,1499.658
0,7677,8323,0,0,0,177,0.6781486666666657,0.3608833333333342,0.0,2.559,127.67457968975472,63.95941031746034,342,1499.658
0,8030,7970,0,0,0,606,0.6759193333333333,0.3815733333333334,0.0,5.565,127.27196634199143,67.23616944444453,342,1499.658
0,7987,8013,0,0,0,456,0.6566340000000007,0.38156466666666733,0.0,6.28,122.85046089466097,67.67429920634918,342,1499.658
0,7911,8089,0,0,0,253,0.7993053333333325,0.3670073333333334,0.0,4.767,150.0214642857143,65.04308333333333,342,1499.658
0,8164,7836,0,0,0,609,0.8055980000000001,0.38235866666666624,0.0,4.815,149.8587069208569,67.92473492063498,342,1499.658
0,7962,8038,0,0,0,385,0.7262099999999994,0.3655620000000001,0.0,5.517,136.101143939394,65.5181206349206,342,1499.658
0,7862,8138,0,0,0,288,0.8669500000000014,0.3570513333333334,0.0,2.996,162.34396031746033,63.10228769841274,342,1499.658
0,8159,7841,0,0,0,751,0.8514339999999991,0.3862406666666662,0.0,5.327,160.29080569985578,67.87624087301582,342,1499.658
0,8170,7830,0,0,0,476,0.7911813333333326,0.36411666666666703,0.0,3.984,146.1554662698414,65.47866865079362,342,1499.658
0,8181,7819,0,0,0,587,0.661283333333333,0.3904093333333333,0.0,7.556,123.12993055555557,69.51682142857143,342,1499.658
0,7633,8367,0,0,0,253,0.7188106666666666,0.3425106666666665,0.0,3.828,135.29423214285708,60.41170000000004,342,1499.658
0,7855,8145,80,0,0,217,0.9425419999999999,0.3503533333333328,0.0,2.398,178.78608928571413,61.838025,342,1499.658
0,8227,7773,0,0,0,886,0.7537113333333316,0.3896253333333332,0.0,6.697,140.78151706349217,68.44185317460318,342,1499.658
0,8068,7932,0,0,0,556,0.8162746666666665,0.3813973333333325,0.0,6.11,152.61442261904762,66.58058134920634,342,1499.658
0,8075,7925,0,0,0,551,0.7024106666666665,0.3827200000000004,0.0,6.115,132.55065418470426,67.54178611111115,342,1499.658
0,7464,8536,16,0,0,232,0.8479580000000008,0.26515000000000005,0.0,1.752,160.2062253968252,46.424842099567094,342,1499.658
0,7774,8226,251,0,0,76,0.9722973333333367,0.30792200000000036,0.0,1.229,189.4868809523811,54.129484920634944,342,1499.658
0,8061,7939,0,0,0,871,0.6874586666666672,0.3827079999999995,0.0,6.369,130.0704900793651,66.93823174603172,342,1499.658
0,8188,7812,0,0,0,474,0.8443246666666658,0.328509333333333,0.0,4.011,159.53661507936496,58.04696547619047,342,1499.658
0,7681,8319,0,0,0,287,0.7018386666666661,0.34587933333333337,0.0,3.618,133.0340515873016,60.75485634920628,342,1499.658
0,7804,8196,0,0,0,274,0.8440433333333327,0.37687799999999944,0.0,5.429,157.83110714285738,67.31713888888888,342,1499.658
0,7777,8223,207,0,0,66,0.9799713333333349,0.34522799999999976,0.0,1.369,188.78494841269838,61.584259920634935,342,1499.658
0,7970,8030,0,0,0,513,0.9663779999999996,0.3954033333333335,0.0,7.809,181.917259920635,69.54500992063491,342,1499.658
0,8607,7393,43,0,0,1094,0.766899333333333,0.395796666666667,0.0,8.055,144.1405972222222,69.73569642857142,342,1499.658
0,6861,8995,372,0,0,72,0.7925913333333293,0.20667533333333304,0.0,1.261,158.4169404761902,36.6001944444444,342,1499.658
0,7927,7977,114,0,0,126,0.8909353333333319,0.2447800000000001,0.0,1.664,171.73665873015864,42.80708769841272,342,1499.658
0,6172,8916,1814,0,0,0,0.9955633333333245,0.03404333333333354,0.0,0.0,237.57657142857235,6.0124523809524035,342,1499.658
0,6621,8561,1314,0,0,0,0.9951153333333285,0.0014793333333333332,0.0,0.0,223.10526190476125,0.24738228715728758,342,1499.658
0,5113,8434,2963,0,0,0,0.9965559999999998,7.8e-05,0.0,0.0,289.14143333333203,0.012475793650793645,342,1499.658
0,7226,8320,782,0,0,0,0.987955333333334,0.01763333333333333,0.0,0.0,216.88291666666632,3.1026543650793657,342,1499.658
0,7975,8025,50,0,0,106,0.9692433333333331,0.2824619999999998,0.0,1.775,183.24289285714283,49.49629365079365,342,1499.658
0,9392,5980,21,0,0,2540,0.5435773333333337,0.39113533333333345,0.0,7.068,102.99972712842711,68.88998174603175,342,1499.658
0,7556,7451,0,0,0,1275,0.05248733333333334,0.3817186666666665,0.0,5.804,10.043682539682536,66.6966373015873,342,1499.658
0,8320,7342,0,0,0,1006,0.08686866666666652,0.3851433333333326,0.0,7.169,16.306114682539697,67.94985515873013,342,1499.658
0,8050,6097,0,0,0,2404,0.00017466666666666683,0.39606266666666684,0.0,8.495,0.03006468253968254,69.9746190476191,342,1499.658
0,7977,7277,0,0,0,1226,0.012417333333333343,0.39645333333333327,0.0,8.431,2.293386111111111,69.81797023809523,342,1499.658
0,7171,8628,0,0,0,489,0.1738973333333334,0.32063666666666674,0.0,3.552,32.46608888888889,55.98109682539683,342,1499.658
0,7696,8032,17,0,0,34,0.9002200000000012,0.11733600000000008,0.0,0.291,169.4161333333334,20.709214682539685,342,1499.658
0,8344,7656,0,0,0,792,0.5591773333333331,0.3935606666666668,0.0,8.104,105.84658333333333,69.70699404761905,342,1499.658
0,7456,8544,0,0,0,111,0.7409880000000014,0.2698426666666668,0.0,1.279,138.49466666666663,47.81384166666668,342,1499.658
0,7996,8004,0,0,0,461,0.7890533333333344,0.34451466666666686,0.0,3.885,148.38315873015878,60.80089047619047,342,1499.658
0,8044,7956,0,0,0,437,0.845452666666665,0.35171800000000075,0.0,2.734,159.8525623376627,61.78384047619049,342,1499.658
0,7959,8041,0,0,0,605,0.7855713333333335,0.39974933333333323,0.0,7.578,148.4796031746031,69.36989682539684,342,1499.658
0,8052,7948,9,0,0,456,0.8974360000000003,0.37631799999999976,0.0,4.421,167.5780103174603,67.15644563492063,342,1499.658
0,7892,8108,0,0,0,500,0.7538186666666672,0.37587399999999926,0.0,5.955,140.5491607142858,66.10889484126992,342,1499.658
0,7866,8134,53,0,0,358,0.9605319999999988,0.39208933333333307,0.0,5.807,180.5671607142858,68.51985515873017,342,1499.658
0,8188,7812,0,0,0,768,0.8821919999999998,0.39514600000000005,0.0,7.068,164.59307936507923,69.28364880952375,342,1499.658
0,7733,8267,119,0,0,336,0.918998666666668,0.37404400000000004,0.0,4.151,174.1720972222222,65.11917063492062,342,1499.658
0,7763,8237,280,0,0,301,0.9761573333333338,0.3729679999999994,0.0,3.5,190.02195634920633,65.5356428571429,342,1499.658
0,8269,7731,0,0,0,730,0.9228740000000014,0.39404799999999973,0.0,8.337,173.81491666666665,69.74449007936511,342,1499.658
0,8162,7838,0,0,0,658,0.811564,0.379118666666667,0.0,5.233,151.40341984126985,66.75535515873014,342,1499.658
0,7733,8267,0,0,0,299,0.7074866666666648,0.3734686666666672,0.0,5.012,134.26111309523807,66.02793333333328,342,1499.658
0,7852,8148,0,0,0,358,0.8468940000000009,0.35045799999999977,0.0,3.185,161.2903861111112,61.57427380952379,342,1499.658
0,8106,7894,0,0,0,513,0.7987833333333341,0.3734786666666665,0.0,5.158,150.77307857142864,66.44055753968254,342,1499.658
0,7567,8433,0,0,0,128,0.8042599999999988,0.3363346666666666,0.0,2.848,152.1383095238094,59.37203333333337,342,1499.658
0,7814,8186,55,0,0,266,0.9469566666666671,0.3831000000000003,0.0,4.271,179.11672023809524,67.67536111111114,342,1499.658
0,8455,7545,8,0,0,943,0.8285560000000003,0.39599933333333276,0.0,7.716,155.69412500000004,69.50083928571424,342,1499.658
0,7971,8029,0,0,0,574,0.7329640000000004,0.3991593333333333,0.0,8.345,136.63880753968252,69.66763095238099,342,1499.658
0,8086,7914,0,0,0,526,0.7878033333333335,0.36473999999999945,0.0,4.899,148.7539999999999,64.75610714285713,342,1499.658
0,7705,8295,0,0,0,327,0.6882446666666662,0.3689159999999998,0.0,5.457,128.52572619047618,65.5954365079365,342,1499.658
0,7628,8372,289,0,0,0,0.9729219999999972,0.26773733333333366,0.0,0.0,189.4658392857144,47.26799603174602,342,1499.658
0,7444,8556,499,0,0,151,0.9750853333333322,0.31203466666666607,0.0,2.327,195.63188690476073,54.98064166666666,342,1499.658
0,7979,8021,286,0,0,157,0.9267906666666665,0.2168680000000001,0.0,1.084,184.6889206349206,38.32296746031747,342,1499.658
0,7354,8624,225,0,0,419,0.689844666666666,0.3027186666666667,0.0,3.086,130.37024227994223,53.828041738816765,342,1499.658
0,5977,8477,2112,0,0,0,0.9957080000000003,0.0006306666666666675,0.0,0.0,245.3211595238087,0.10534090909090928,342,1499.658
0,6415,8583,1465,0,0,0,0.995041999999995,0.0015626666666666681,0.0,0.0,247.48801666666608,0.2612675324675332,342,1499.658
0,7288,8609,685,0,0,0,0.9899793333333308,0.09466133333333349,0.0,0.0,200.57969285714267,16.36541085858585,342,1499.658
0,5762,8527,2178,0,0,0,0.9958846666666655,0.0007253333333333351,0.0,0.0,254.90957142857167,0.12049873737373741,342,1499.658
0,5885,8528,2108,0,0,0,0.9959446666666558,0.0003613333333333334,0.0,0.0,260.9697333333336,0.05720638528138532,342,1499.658
0,6403,8548,1695,0,0,0,0.9953726666666554,0.0011986666666666686,0.0,0.0,238.37492857142823,0.19964444444444476,342,1499.658
0,6751,8508,1119,0,0,0,0.9948879999999966,0.001958000000000001,0.0,0.0,220.15326785714274,0.3310238095238105,342,1499.658
0,6756,8474,1331,0,0,0,0.9949993333333262,0.0018600000000000012,0.0,0.0,222.28879047618992,0.3115095238095243,342,1499.658
0,7583,8287,493,0,0,0,0.9837279999999967,0.08196799999999994,0.0,0.0,199.0904107142855,14.260419444444427,342,1499.658
0,8218,7782,0,0,0,613,0.7005626666666669,0.3623119999999997,0.0,4.841,130.30959805194792,64.11653134920628,342,1499.658
0,7746,8254,0,0,0,134,0.8835440000000021,0.3230080000000001,0.0,1.312,167.47410317460324,57.261220238095284,342,1499.658
0,7586,8414,328,0,0,90,0.9785333333333339,0.37760133333333346,0.0,2.088,190.1260702380954,66.14316994949496,342,1499.658
0,7793,8207,377,0,0,192,0.9846873333333331,0.3659580000000008,0.0,1.713,194.99041666666622,64.77585555555565,342,1499.658
0,7766,8234,154,0,0,392,0.9387446666666669,0.36767999999999995,0.0,3.607,179.4222003968254,64.58460057720059,342,1499.658
0,7799,8201,321,0,0,162,0.9886320000000045,0.3768753333333338,0.0,2.445,190.64284126984109,66.8472170634921,342,1499.658
0,7744,8256,214,0,0,335,0.9471086666666662,0.36019866666666667,0.0,2.642,182.3727996031748,63.75956230158737,342,1499.658
0,7824,8176,320,0,0,334,0.9896246666666696,0.37905400000000006,0.0,4.639,190.65365873015867,65.9963396825397,342,1499.658
0,8084,7916,149,0,0,585,0.9284213333333363,0.35792599999999997,0.0,3.736,178.30550833333322,62.89284722222224,342,1499.658
0,7658,8342,214,0,0,152,0.9566446666666671,0.33907066666666696,0.0,2.08,181.56561071428573,60.13143106060601,342,1499.658
0,7635,8365,324,0,0,165,0.989308000000001,0.38342266666666697,0.0,5.181,191.6603666666667,67.49384999999994,342,1499.658
0,7421,8579,729,0,0,67,0.9864346666666698,0.33022999999999997,0.0,0.691,204.5164873015875,57.205443181818104,342,1499.658
0,7477,8523,384,0,0,9,0.983422666666665,0.32684866666666695,0.0,0.535,194.28451309523814,58.19873560606058,342,1499.658
0,7994,8006,281,0,0,382,0.9365033333333339,0.3383440000000001,0.0,3.194,183.98615555555563,59.702396969696956,342,1499.658
0,7472,8528,117,0,0,37,0.944771333333336,0.280392666666667,0.0,0.486,181.05240357142858,49.978627272727266,342,1499.658
0,8135,7865,15,0,0,447,0.901466666666666,0.3744439999999999,0.0,5.873,170.9406170634921,66.44689841269836,342,1499.658
0,7812,8188,83,0,0,267,0.9682619999999987,0.3739560000000001,0.0,4.944,183.27768214285712,66.30920151515151,342,1499.658
0,7860,8140,213,0,0,437,0.9658040000000014,0.3940679999999998,0.0,7.129,182.96102976190477,69.04675,342,1499.658
0,7657,8343,394,0,0,122,0.9841486666666681,0.3134099999999998,0.0,2.077,196.09132936507905,55.358827380952384,342,1499.658
0,8062,7938,0,0,0,816,0.8028473333333332,0.3760100000000001,0.0,6.211,148.26132619047618,65.93469725829716,342,1499.658
0,8035,7965,47,0,0,452,0.9598526666666696,0.37331266666666646,0.0,5.293,180.6080337301587,64.98754801587302,342,1499.658
0,7786,8214,186,0,0,353,0.9558573333333347,0.3790866666666661,0.0,4.888,183.4516646825398,66.49379920634921,342,1499.658
0,7678,8322,249,0,0,160,0.9730353333333327,0.3510859999999998,0.0,2.455,190.54225000000005,61.85123611111113,342,1499.658
0,7748,8252,219,0,0,224,0.9638720000000013,0.35255999999999965,0.0,3.759,187.19362896825402,62.39208769841267,342,1499.658
0,8283,7717,0,0,0,916,0.6966813333333327,0.39616800000000046,0.0,7.833,132.20986150793638,69.42422896825397,342,1499.658
0,7477,8523,33,0,0,0,0.9327886666666645,0.2449046666666667,0.0,0.0,175.392244047619,43.18841111111113,342,1499.658
0,8370,7630,204,0,0,627,0.7975899999999971,0.3265613333333333,0.0,4.297,157.13371349206355,58.655934523809464,342,1499.658
0,7662,8338,0,0,0,236,0.6209166666666669,0.3570959999999996,0.0,3.984,117.620142857143,63.37162500000001,342,1499.658
0,7232,8768,557,0,0,0,0.9574906666666668,0.16160799999999975,0.0,0.0,187.47820833333327,28.56772222222225,342,1499.658
0,7658,8342,247,0,0,73,0.866906666666666,0.2404660000000003,0.0,1.339,168.9144083333333,42.906208838383805,342,1499.658
0,6482,8574,1469,0,0,0,0.994191999999992,0.005289999999999971,0.0,0.0,230.9222738095238,0.952286111111111,342,1499.658
0,6932,8291,1069,0,0,0,0.9875293333333335,0.03902733333333334,0.0,0.0,223.18232500000002,6.855518686868687,342,1499.658
0,8669,7331,0,0,0,815,0.7859013333333333,0.33317933333333305,0.0,4.946,147.5754166666666,58.77991071428574,342,1499.658
0,8363,7637,0,0,0,845,0.5396606666666667,0.3815399999999994,0.0,5.454,102.22559563492062,67.62354365079366,342,1499.658
0,8283,6102,0,0,0,2372,0.013873333333333382,0.3954486666666671,0.0,8.479,2.64161673881674,69.96339047619055,342,1499.658
0,7990,6051,0,0,0,2405,0.0002400000000000001,0.3947273333333336,0.0,8.45,0.04012702020202022,69.97161904761907,342,1499.658
0,8091,6097,0,0,0,2406,0.00018266666666666697,0.39697466666666686,0.0,8.507,0.03073531746031744,69.97026190476191,342,1499.658
0,7450,8204,0,0,0,576,0.10901533333333335,0.3480666666666665,0.0,4.436,20.725468650793637,61.37712698412693,342,1499.658
0,7584,8416,0,0,0,0,0.5819320000000004,0.16715066666666656,0.0,0.0,109.54696428571425,29.661825396825396,342,1499.658
0,7611,8389,0,0,0,215,0.6486620000000001,0.3423139999999996,0.0,2.755,121.29793452380953,59.67807341269841,342,1499.658
0,7694,8306,197,0,0,0,0.9277526666666669,0.299588,0.0,0.147,181.77010515873025,52.7356416666667,342,1499.658
0,8620,7380,0,0,0,1126,0.5925160000000002,0.395959333333333,0.0,8.46,111.53027777777777,69.84023809523808,342,1499.658
0,7448,8552,0,0,0,308,0.5852380000000004,0.33809333333333264,0.0,4.64,109.46019047619038,59.47898055555556,342,1499.658
0,7673,8327,53,0,0,0,0.8936240000000013,0.25789200000000023,0.0,0.0,168.38694642857124,45.378263888888874,342,1499.658
0,8039,7961,231,0,0,364,0.962796,0.35342733333333287,0.0,2.949,187.46517261904742,62.43708373015871,342,1499.658
0,8100,7900,0,0,0,623,0.6998480000000017,0.3929626666666668,0.0,6.989,132.0888452380954,69.12864880952378,342,1499.658
0,7722,8278,0,0,0,362,0.7844460000000005,0.34912866666666603,0.0,3.432,146.1837182539683,61.33238571428571,342,1499.658
0,8269,7731,0,0,0,789,0.698168000000001,0.39561399999999997,0.0,7.525,132.16879960317462,69.25189880952388,342,1499.658
0,8138,7862,0,0,0,566,0.7953026666666678,0.3520246666666667,0.0,3.808,148.8428611111114,62.41105753968253,342,1499.658
0,7673,8327,0,0,0,379,0.6476473333333322,0.35385599999999984,0.0,5.98,121.07506746031734,63.31453055555558,342,1499.658
0,8069,7931,0,0,0,388,0.7050266666666666,0.3559753333333334,0.0,4.842,132.92054285714278,62.29061230158732,342,1499.658
0,7401,8599,340,0,0,0,0.9565113333333339,0.27797600000000044,0.0,0.0,185.33616071428568,48.58863611111115,342,1499.658
0,8037,7963,258,0,0,466,0.942538,0.35889933333333335,0.0,3.153,184.39732539682524,63.16828769841265,342,1499.658
0,8042,7958,104,0,0,493,0.8871526666666673,0.345502,0.0,3.53,167.48660912698386,61.33450753968251,342,1499.658
0,7918,8082,0,0,0,393,0.7810413333333325,0.30937533333333345,0.0,2.927,145.84990873015875,54.69311706349213,342,1499.658
0,8342,7658,0,0,0,921,0.6378853333333322,0.39775600000000005,0.0,8.322,119.48745,69.72388293650793,342,1499.658
0,7939,8061,0,0,0,358,0.7198766666666657,0.32966333333333325,0.0,3.101,133.91821626984122,58.368432539682566,342,1499.658
0,7270,8730,98,0,0,4,0.9212600000000021,0.233773333333333,0.0,0.341,178.4856607142857,40.926361111111156,342,1499.658
0,8429,7571,48,0,0,781,0.834551333333333,0.38732466666666593,0.0,6.984,158.3812638888889,68.23038690476193,342,1499.658
0,7777,8223,0,0,0,332,0.6688453333333332,0.3724819999999992,0.0,5.101,125.1032194444444,65.82455158730157,342,1499.658
0,8184,7816,0,0,0,529,0.7093280000000012,0.3881986666666669,0.0,7.117,133.42901388888887,69.29898214285714,342,1499.658
0,7539,8461,13,0,0,212,0.7651386666666676,0.33936666666666687,0.0,3.819,142.66453373015858,60.07161031746026,342,1499.658
0,8212,7788,21,0,0,818,0.7757379999999974,0.3585046666666666,0.0,4.817,144.69676706349196,63.51135793650787,342,1499.658
0,8089,7911,258,0,0,310,0.8768406666666688,0.2423413333333334,0.0,1.747,171.53976388888915,42.933540079365095,342,1499.658
0,7440,8560,0,0,0,326,0.6268246666666668,0.3392300000000001,0.0,5.136,118.62005000000008,60.2515837301587,342,1499.658
0,8464,7536,156,0,0,550,0.819629999999999,0.22460199999999983,0.0,2.838,158.14165616883113,39.54841071428566,342,1499.658
0,7117,8883,227,0,0,264,0.6853906666666644,0.31051133333333286,0.0,2.828,129.01371428571437,53.77681666666659,342,1499.658
0,6997,8709,920,0,0,0,0.9946946666666614,0.008849999999999978,0.0,0.0,214.32199999999878,1.5262519841269808,342,1499.658
0,6852,8517,1222,0,0,0,0.9948086666666607,0.0019959999999999995,0.0,0.0,218.23976190476068,0.3349996031746035,342,1499.658
0,8816,7184,23,0,0,728,0.7910219999999998,0.26081199999999966,0.0,3.93,149.9504027777777,45.64273214285714,342,1499.658
0,8258,7742,0,0,0,792,0.21987666666666653,0.38595133333333353,0.0,6.483,41.5518392857143,68.33842261904763,342,1499.658
0,7216,8784,0,0,0,0,0.6683299999999995,0.13930933333333317,0.0,0.0,124.02588690476189,24.66810833333334,342,1499.658
0,9170,6830,0,0,0,1407,0.4618066666666665,0.35470000000000024,0.0,6.236,86.19002222222221,61.90993452380951,342,1499.658
0,7053,8947,0,0,0,49,0.33254400000000034,0.26881266666666676,0.0,1.061,62.375059523809476,47.36858333333338,342,1499.658
0,5685,8626,1832,0,0,0,0.9657493333333264,0.0030859999999999803,0.0,0.0,234.93618333333316,0.5345145743145747,342,1499.658
0,6802,8367,1253,0,0,0,0.9907266666666608,0.017136,0.0,0.0,228.9520059523809,3.0261746031746033,342,1499.658
0,7361,8639,612,0,0,0,0.9581846666666664,0.25472266666666676,0.0,0.643,187.13039325396812,44.98913961038962,342,1499.658
0,6722,8506,1222,0,0,0,0.9949226666666632,0.0016420000000000022,0.0,0.0,228.61980952380875,0.2741126984126989,342,1499.658
0,7682,8082,419,0,0,0,0.9906413333333353,0.08003266666666663,0.0,0.0,199.66630357142864,14.110155555555554,342,1499.658
0,7609,8391,396,0,0,0,0.9877773333333344,0.26513933333333356,0.0,0.0,195.41970238095232,46.503033333333335,342,1499.658
0,7514,8486,514,0,0,37,0.9839206666666662,0.3189213333333339,0.0,0.73,200.4158785714279,56.169319444444454,342,1499.658
0,7887,8113,183,0,0,471,0.8196153333333304,0.2896313333333333,0.0,2.768,156.3371242063493,51.386730952381015,342,1499.658
0,8245,7755,0,0,0,555,0.6685420000000006,0.38305466666666643,0.0,6.402,126.56487103174607,67.56577380952379,342,1499.658
0,7556,8444,202,0,0,3,0.9356973333333342,0.25938466666666676,0.0,0.172,176.5240654761905,45.916652380952364,342,1499.658
0,8000,8000,62,0,0,434,0.981550666666669,0.3919273333333335,0.0,8.127,183.405125,69.556375,342,1499.658
0,7932,8068,291,0,0,475,0.9537066666666658,0.3716253333333332,0.0,4.792,187.03468730158727,65.392136904762,342,1499.658
0,7955,8045,0,0,0,520,0.7477926666666671,0.3911793333333341,0.0,7.177,139.81191071428572,69.12438492063481,342,1499.658
0,8162,7838,106,0,0,543,0.885026666666669,0.3022259999999998,0.0,3.027,167.91460555555528,53.51740238095238,342,1499.658
0,7999,8001,0,0,0,583,0.6928873333333327,0.39919999999999944,0.0,8.442,128.232,69.71501388888889,342,1499.658
0,7665,8335,105,0,0,158,0.8508693333333337,0.2881173333333332,0.0,3.168,161.30603968253976,51.42295476190481,342,1499.658
0,7820,8180,0,0,0,493,0.7853466666666669,0.35138266666666607,0.0,4.15,148.20378134920645,62.05180584415577,342,1499.658
0,8300,7700,27,0,0,451,0.8148446666666663,0.3271513333333339,0.0,3.004,153.51538174603178,57.995499999999964,342,1499.658
0,7925,8075,0,0,0,428,0.7309646666666643,0.37864800000000054,0.0,4.826,138.61362301587295,66.76645039682542,342,1499.658
0,8122,7878,0,0,0,529,0.7453713333333335,0.3885106666666671,0.0,7.432,139.24116666666663,69.45133928571433,342,1499.658
0,7875,8125,0,0,0,538,0.7168653333333329,0.3872666666666667,0.0,6.893,133.16461111111113,67.93275396825395,342,1499.658
0,7935,8065,150,0,0,335,0.9146366666666672,0.24542999999999981,0.0,2.026,178.11847261904762,43.031783513708525,342,1499.658
0,8048,7952,0,0,0,645,0.6794893333333324,0.39807200000000076,0.0,8.324,126.83148611111108,69.695,342,1499.658
0,7377,8623,272,0,0,342,0.786307333333329,0.3218213333333336,0.0,4.328,149.78592420634908,56.453411940837,342,1499.658
0,7657,8343,387,0,0,0,0.9861966666666674,0.14047266666666627,0.0,0.0,196.90579761904758,24.701630808080793,342,1499.658
0,7460,8540,446,0,0,40,0.9654539999999939,0.2930706666666665,0.0,1.059,191.59534642857128,52.04236973304473,342,1499.658
0,7707,8293,305,0,0,0,0.986470000000001,0.16966133333333341,0.0,0.0,195.71192857142867,29.73064166666667,342,1499.658
0,8019,7981,77,0,0,406,0.9677219999999993,0.3804733333333335,0.0,4.78,183.2196785714285,67.04105158730161,342,1499.658
0,7893,8107,0,0,0,454,0.9133659999999996,0.3963380000000002,0.0,7.59,173.43505357142854,69.4897638888889,342,1499.658
0,7063,8937,828,0,0,0,0.990205999999996,0.20892466666666654,0.0,0.151,207.6005297619045,36.842139646464666,342,1499.658
0,8566,7434,6,0,0,635,0.7516486666666674,0.32902466666666647,0.0,4.667,142.78756388888903,58.20366071428568,342,1499.658
0,8000,8000,0,0,0,461,0.569217999999999,0.3936206666666664,0.0,8.268,105.6535,69.6265,342,1499.658
0,7688,8312,0,0,0,424,0.6170826666666669,0.38031666666666597,0.0,5.862,116.33871428571413,66.5076944444444,342,1499.658
0,6977,9023,648,0,0,0,0.9637866666666629,0.17167199999999988,0.0,0.0,196.75597619047568,29.77113333333333,342,1499.658
0,7850,8150,218,0,0,0,0.9859033333333346,0.134028,0.0,0.0,191.93487698412704,23.77267857142857,342,1499.658
0,7163,8837,885,0,0,0,0.9861046666666629,0.20640399999999978,0.0,0.095,209.55973333333293,36.36117388167388,342,1499.658
0,8931,7069,0,0,0,984,0.6795059999999987,0.310682666666667,0.0,4.558,127.12610000000011,54.86630357142858,342,1499.658
0,8322,7678,0,0,0,840,0.1902213333333331,0.392680666666666,0.0,7.445,35.72405000000002,69.43316666666662,342,1499.658
0,8024,7976,0,0,0,407,0.10491066666666657,0.38956400000000013,0.0,7.305,19.640319444444437,69.35467857142858,342,1499.658
0,6685,9007,50,0,0,91,0.5013726666666669,0.17644799999999963,0.0,1.996,92.96333928571417,31.081919841269812,342,1499.658
0,6389,8505,1645,0,0,0,0.9954386666666559,0.0009606666666666684,0.0,0.0,228.8087142857145,0.15697063492063482,342,1499.658
0,6150,8466,1974,0,0,0,0.995713999999988,0.0007120000000000005,0.0,0.0,247.09588095238104,0.11728849206349207,342,1499.658
0,6795,8577,1101,0,0,0,0.9948699999999938,0.0017306666666666668,0.0,0.0,216.49428571428476,0.29080595238095286,342,1499.658
0,6552,8275,1354,0,0,0,0.9907319999999958,0.009674666666666668,0.0,0.0,237.46203333333364,1.7568325396825397,342,1499.658
0,8390,7610,43,0,0,401,0.948263333333333,0.24065533333333325,0.0,1.389,178.07673888888866,42.25152976190474,342,1499.658
0,7645,8355,0,0,0,716,0.5816906666666666,0.29725533333333326,0.0,2.797,109.6309996031746,51.905982359307295,342,1499.658
0,8806,7194,0,0,0,786,0.6319900000000013,0.33559799999999984,0.0,5.603,118.45822222222242,59.659946428571345,342,1499.658
0,7677,8323,0,0,0,100,0.5982479999999997,0.210848,0.0,0.884,112.27137301587297,37.63437976190475,342,1499.658
0,8180,7820,0,0,0,656,0.44851199999999913,0.39505733333333365,0.0,8.221,84.30718015873016,69.64748611111112,342,1499.658
0,7307,8693,0,0,0,0,0.7316873333333332,0.22720599999999996,0.0,0.165,138.0399440476191,40.32702929292931,342,1499.658
0,8014,7986,0,0,0,431,0.7479306666666662,0.32328733333333354,0.0,2.314,140.49336309523818,57.59298611111108,342,1499.658
0,8041,7959,29,0,0,231,0.9080853333333364,0.2845333333333324,0.0,1.469,171.2992579365079,50.468748015873004,342,1499.658
0,8349,7651,0,0,0,880,0.5735339999999999,0.3956893333333334,0.0,8.362,107.74461388888889,69.74254761904761,342,1499.658
0,7618,8382,0,0,0,155,0.6355020000000005,0.3501746666666664,0.0,3.121,120.3599861111111,61.964843253968255,342,1499.658
0,7390,8610,315,0,0,125,0.8530846666666613,0.3408893333333337,0.0,2.09,163.68148809523836,59.910775,342,1499.658
0,8305,7695,110,0,0,427,0.9054713333333326,0.29742599999999986,0.0,2.779,175.98357936507952,53.11508531746034,342,1499.658
0,7842,8158,0,0,0,456,0.6760653333333332,0.33069000000000015,0.0,3.415,125.20268253968254,58.625450396825386,342,1499.658
0,8439,7561,0,0,0,815,0.775078666666667,0.37721866666666637,0.0,5.552,145.0397638888889,66.30131349206349,342,1499.658
0,8000,8000,0,0,0,545,0.6046066666666663,0.39745866666666635,0.0,8.382,112.897875,69.704125,342,1499.658
0,8158,7842,0,0,0,624,0.5865126666666669,0.39287333333333313,0.0,8.162,110.54536111111116,69.6247142857143,342,1499.658
0,7870,8130,0,0,0,292,0.5263526666666666,0.35514733333333354,0.0,4.138,99.01177777777778,63.07660317460315,342,1499.658
0,7820,8180,0,0,0,539,0.5651326666666655,0.3974786666666667,0.0,7.18,105.9166428571429,69.03572222222223,342,1499.658
0,7465,8535,0,0,0,67,0.7845646666666668,0.3298459999999998,0.0,1.565,148.8212678571428,58.37983333333333,342,1499.658
0,7537,8463,392,0,0,0,0.9871873333333315,0.24074999999999985,0.0,0.0,193.52219642857148,42.47345833333332,342,1499.658
0,7519,8481,717,0,0,0,0.9866059999999988,0.233332,0.0,0.0,202.09981150793624,40.881382936507976,342,1499.658
0,8614,7386,0,0,0,1080,0.6078426666666661,0.3972199999999998,0.0,8.017,114.41918055555553,69.49989285714284,342,1499.658
0,8000,8000,0,0,0,524,0.4689339999999999,0.3948226666666661,0.0,8.03,88.133375,69.608625,342,1499.658
0,7320,8680,0,0,0,179,0.6283586666666668,0.29076399999999997,0.0,3.187,118.80980952380965,51.48556388888895,342,1499.658
0,7746,8254,52,0,0,0,0.9284486666666671,0.22985733333333347,0.0,0.0,175.56837499999992,40.8510833333333,342,1499.658
0,7600,8400,357,0,0,0,0.989203333333333,0.3064693333333328,0.0,0.699,195.27396428571424,53.45079166666673,342,1499.658
0,7606,8394,381,0,0,46,0.9874413333333377,0.30653933333333333,0.0,1.344,196.84207142857113,54.61058333333335,342,1499.658
0,7472,8528,422,0,0,14,0.9785693333333351,0.29709199999999997,0.0,0.748,197.99125595238044,52.01130555555554,342,1499.658
0,8281,7719,0,0,0,794,0.768050666666666,0.39720600000000034,0.0,8.173,146.51070833333333,69.67360714285714,342,1499.658
0,8558,7442,0,0,0,1036,0.6066633333333341,0.3940653333333333,0.0,8.287,112.52358333333332,69.77725000000005,342,1499.658
0,8187,7813,0,0,0,642,0.22734000000000046,0.3925833333333335,0.0,8.166,42.94690277777778,69.69067857142858,342,1499.658
0,8134,7866,0,0,0,509,0.12137133333333314,0.3902353333333328,0.0,7.814,22.94820833333334,69.58357142857142,342,1499.658
0,6778,8996,0,0,0,170,0.34725400000000034,0.23953199999999972,0.0,1.931,65.0881130952381,42.07142857142852,342,1499.658
0,6893,8562,970,0,0,0,0.9906099999999934,0.0026739999999999845,0.0,0.0,208.81557142857034,0.4478388888888884,342,1499.658
0,7000,8454,950,0,0,0,0.9946993333333286,0.001990000000000002,0.0,0.0,213.1567142857136,0.3350448412698408,342,1499.658
0,7755,7870,565,0,0,0,0.9571860000000028,0.060980666666666676,0.0,0.0,197.3333630952377,10.987394444444448,342,1499.658
0,9234,6579,0,0,0,1812,0.35699400000000103,0.39330533333333373,0.0,7.999,65.49429841269838,69.54642857142863,342,1499.658
0,7990,7394,0,0,0,1087,0.002867333333333319,0.39557399999999965,0.0,8.35,0.5321801587301581,69.8014107142857,342,1499.658
0,7995,7796,0,0,0,713,0.008425999999999979,0.39535133333333355,0.0,8.302,1.565745634920635,69.67771428571429,342,1499.658
0,8016,7984,0,0,0,467,0.025397999999999993,0.3906633333333336,0.0,7.276,4.728041666666668,69.3745,342,1499.658
0,7352,8648,0,0,0,381,0.1395826666666667,0.3684113333333329,0.0,5.697,26.203535714285724,63.71698611111113,342,1499.658
0,7024,8660,302,0,0,0,0.9114406666666655,0.020104666666666687,0.0,0.0,178.1191190476189,3.5001944444444577,342,1499.658
0,8000,8000,74,0,0,0,0.9709233333333317,0.20507000000000006,0.0,0.0,183.654875,36.251875,342,1499.658
0,8290,7710,13,0,0,784,0.894566,0.39616733333333326,0.0,7.664,167.35651388888883,69.55341071428568,342,1499.658
0,7031,8969,520,0,0,43,0.938453999999995,0.2565886666666669,0.0,0.962,189.3794285714281,44.813124999999985,342,1499.658
0,7602,8393,436,0,0,0,0.9872460000000005,0.0840666666666666,0.0,0.0,198.7481607142857,14.75079166666667,342,1499.658
0,8681,7319,49,0,0,859,0.799120666666666,0.3481053333333335,0.0,5.581,148.90552777777773,61.782678571428534,342,1499.658
0,7612,8388,0,0,0,253,0.601648,0.359605333333333,0.0,4.912,112.75194642857147,64.00769444444443,342,1499.658
0,7656,8344,273,0,0,0,0.9571786666666708,0.18127933333333326,0.0,0.0,186.02437301587284,32.02305357142855,342,1499.658
0,8272,7728,0,0,0,636,0.768021333333333,0.3891573333333341,0.0,7.303,145.33322222222216,69.38730357142859,342,1499.658
0,8205,7795,0,0,0,740,0.4694493333333337,0.39619866666666675,0.0,7.902,89.03440674603178,69.59421825396825,342,1499.658
0,7300,8700,0,0,0,185,0.6242386666666666,0.29930799999999985,0.0,2.596,116.42409523809536,52.9495,342,1499.658
0,7643,8357,450,0,0,0,0.9902460000000056,0.11140600000000017,0.0,0.0,193.82892261904755,19.648420634920637,342,1499.658
0,8638,7362,0,0,0,958,0.5911206666666666,0.3656900000000002,0.0,5.544,109.96696825396818,65.6619900793651,342,1499.658
0,7441,8559,0,0,0,129,0.6741720000000001,0.3254099999999998,0.0,1.653,126.08391071428566,56.98132222222223,342,1499.658
0,7561,8439,528,0,0,0,0.9913780000000055,0.1563579999999999,0.0,0.0,195.75292261904755,27.265736111111103,342,1499.658
0,7441,8559,618,0,0,0,0.990709333333334,0.19624133333333302,0.0,0.0,200.7944523809522,35.35542777777779,342,1499.658
0,8000,8000,15,0,0,213,0.9722553333333345,0.31433799999999973,0.0,3.202,183.647875,54.851625,342,1499.658
0,8752,7248,0,0,0,1212,0.686626666666666,0.3946513333333335,0.0,8.435,128.5179805555556,69.83147023809525,342,1499.658
0,7940,8060,0,0,0,489,0.44679000000000063,0.3937333333333327,0.0,7.794,84.06841071428573,69.50309722222221,342,1499.658
0,7241,8759,49,0,0,0,0.8025986666666662,0.20390600000000003,0.0,0.0,150.85194642857144,36.05358333333333,342,1499.658
0,8659,7341,0,0,0,912,0.781705333333334,0.3583353333333337,0.0,5.629,146.97953055555556,62.926119047619,342,1499.658
0,7708,8292,0,0,0,370,0.562214,0.37332800000000016,0.0,5.937,104.98738888888896,65.9568630952381,342,1499.658
0,7270,8730,423,0,0,0,0.947063333333333,0.1616933333333337,0.0,0.0,186.12887500000008,28.512611111111138,342,1499.658
0,7652,8348,254,0,0,0,0.9792606666666678,0.16772466666666655,0.0,0.0,190.79337499999994,29.747180555555563,342,1499.658
0,7783,8217,205,0,0,0,0.9770806666666639,0.19695266666666664,0.0,0.0,191.96676785714294,35.35133333333333,342,1499.658
0,8509,7491,0,0,0,734,0.8307760000000001,0.3769679999999999,0.0,6.227,157.04550000000006,67.59060714285712,342,1499.658
0,8409,7591,0,0,0,923,0.4483866666666658,0.3967786666666666,0.0,8.452,83.56981944444445,69.808125,342,1499.658
0,8029,7971,0,0,0,654,0.3205633333333335,0.4002680000000002,0.0,8.514,59.95245833333333,69.7622142857143,342,1499.658
0,7505,8495,0,0,0,215,0.4063439999999996,0.3708006666666662,0.0,4.263,76.33357341269846,65.17114880952374,342,1499.658
0,7351,8605,151,0,0,0,0.893216666666668,0.10466066666666664,0.0,0.0,171.45150000000012,18.77244246031745,342,1499.658
0,8233,7767,0,0,0,256,0.8584419999999969,0.34429933333333335,0.0,4.911,159.6148888888889,61.15421428571429,342,1499.658
0,6809,9002,971,0,0,100,0.962582666666662,0.25259400000000004,0.0,2.154,203.4878035714286,44.460809126984095,342,1499.658
0,7794,8101,235,0,0,0,0.9857580000000016,0.09192600000000008,0.0,0.0,197.46934523809523,16.32717261904762,342,1499.658
0,7103,8816,860,0,0,0,0.9790553333333271,0.21014400000000005,0.0,0.0,200.9721488095236,37.22849007936512,342,1499.658
0,6680,8583,1293,0,0,0,0.9950246666666595,0.0019273333333333297,0.0,0.0,227.69059523809506,0.3198928571428568,342,1499.658
0,7133,8515,892,0,0,0,0.9942346666666584,0.008419333333333372,0.0,0.0,209.1640892857138,1.47965436507936,342,1499.658
0,7313,8457,647,0,0,0,0.98771333333333,0.01660066666666666,0.0,0.0,206.9111011904769,2.936062878787877,342,1499.658
0,7596,8404,334,0,0,0,0.9495559999999932,0.18163399999999963,0.0,0.0,184.3306250000001,32.213194444444426,342,1499.658
0,7000,8655,1017,0,0,0,0.994720666666661,0.01813066666666675,0.0,0.0,213.16728571428496,3.2462857142857304,342,1499.658
0,7724,8078,679,0,0,0,0.9601260000000029,0.07139333333333336,0.0,0.0,198.35221626984068,12.624759126984138,342,1499.658
0,7287,8713,389,0,0,193,0.8770306666666645,0.19566133333333333,0.0,2.31,175.09575793650785,34.91611825396825,342,1499.658
0,8358,7642,0,0,0,381,0.9251239999999995,0.2593746666666663,0.0,2.253,173.23773611111105,45.746910714285676,342,1499.658
0,8433,7567,0,0,0,936,0.6028473333333327,0.3954226666666662,0.0,8.445,113.58161111111099,69.80244642857144,342,1499.658
0,7117,8883,91,0,0,23,0.7301946666666675,0.2472080000000001,0.0,0.753,137.26517857142855,43.56508333333337,342,1499.658
0,8719,7281,0,0,0,803,0.6710173333333352,0.35280199999999984,0.0,5.945,126.80919444444456,61.97337499999997,342,1499.658
0,7381,8619,0,0,0,112,0.7341606666666658,0.21945399999999995,0.0,1.406,138.770505952381,38.95187896825397,342,1499.658
0,8344,7656,0,0,0,802,0.6099046666666665,0.38576333333333374,0.0,6.15,115.00760119047618,66.63044047619042,342,1499.658
0,7074,8926,285,0,0,0,0.8721306666666628,0.22083733333333302,0.0,0.0,171.3863154761904,38.76526587301578,342,1499.658
0,8412,7588,0,0,0,611,0.6833419999999996,0.3476079999999996,0.0,4.158,130.17557936507924,61.00760714285709,342,1499.658
0,7336,8664,108,0,0,0,0.9068760000000022,0.16782066666666703,0.0,0.0,174.11355952380953,29.809272222222216,342,1499.658
0,7890,8110,39,0,0,29,0.9684226666666655,0.28215133333333303,0.0,0.572,182.77552976190475,50.387405555555574,342,1499.658
0,7645,8355,436,0,0,104,0.9654659999999979,0.30469133333333337,0.0,2.124,193.89052976190476,53.36214722222222,342,1499.658
0,7407,8593,393,0,0,234,0.9304326666666619,0.3165820000000004,0.0,3.159,185.41657142857213,55.774350000000055,342,1499.658
0,8022,7978,88,0,0,88,0.9562919999999999,0.2977799999999997,0.0,1.38,180.95594444444444,53.120676587301595,342,1499.658
0,7499,8501,516,0,0,144,0.9877266666666668,0.3025126666666661,0.0,1.59,197.9952678571421,53.31894444444444,342,1499.658
0,8000,8000,0,0,0,519,0.9409680000000017,0.39294600000000013,0.0,6.901,177.232875,68.279375,342,1499.658
0,8564,7436,0,0,0,1072,0.6126419999999998,0.3955446666666674,0.0,8.238,115.51195833333334,69.77585119047619,342,1499.658
0,8040,7960,0,0,0,606,0.530364,0.3991353333333329,0.0,8.463,99.03158333333333,69.70714285714288,342,1499.658
0,7865,8135,0,0,0,279,0.6590486666666662,0.3417720000000008,0.0,2.151,123.92863492063488,61.12785912698413,342,1499.658
0,7484,8516,0,0,0,304,0.7059493333333337,0.291663333333333,0.0,2.242,131.83677380952378,51.603908730158764,342,1499.658
0,7660,8340,253,0,0,0,0.9781086666666637,0.2762613333333335,0.0,0.059,189.05462499999965,48.96781944444448,342,1499.658
0,8317,7683,190,0,0,580,0.8997753333333327,0.31101266666666655,0.0,3.339,176.56128174603157,54.67156746031745,342,1499.658
0,7437,8563,38,0,0,172,0.7974660000000011,0.28692133333333386,0.0,1.85,150.41258531746035,50.8336345238095,342,1499.658
0,7984,8016,42,0,0,348,0.9711620000000003,0.3648080000000004,0.0,4.929,182.5206785714286,63.48116666666668,342,1499.658
0,7170,8830,816,0,0,0,0.9933193333333327,0.264487333333333,0.0,0.285,205.64817261904767,46.61587777777779,342,1499.658
0,8551,7449,0,0,0,641,0.7688073333333345,0.34353866666666677,0.0,5.3,147.80368055555547,61.27696428571428,342,1499.658
0,7397,8603,26,0,0,210,0.6998566666666666,0.3063980000000003,0.0,2.226,130.02912301587307,54.24784920634917,342,1499.658
0,8464,7536,14,0,0,691,0.8955953333333331,0.3514799999999998,0.0,4.997,169.62320833333357,61.60792857142859,342,1499.658
0,7909,8091,0,0,0,620,0.616740000000001,0.4004206666666664,0.0,7.77,115.5643273809524,69.4593670634921,342,1499.658
0,7248,8752,315,0,0,0,0.9355326666666669,0.1872493333333336,0.0,0.0,184.61039285714267,33.23386111111106,342,1499.658
0,8790,7210,0,0,0,949,0.7756546666666655,0.3463999999999996,0.0,5.38,145.31791666666646,61.1335714285714,342,1499.658
0,7331,8427,0,0,0,557,0.42972933333333396,0.2771800000000002,0.0,4.284,82.18392142857148,49.259299675324655,342,1499.658
0,7769,7980,199,0,0,0,0.9493440000000002,0.07510599999999999,0.0,0.0,183.08493253968268,13.244217460317461,342,1499.658
0,8455,7545,0,0,0,861,0.597895333333334,0.39273666666666657,0.0,7.572,111.50129563492072,69.2022559523809,342,1499.658
0,7000,9000,350,0,0,0,0.849399333333329,0.2602966666666662,0.0,0.14,165.78728571428556,45.40777777777775,342,1499.658
0,7262,8621,687,0,0,0,0.9917193333333288,0.0639926666666667,0.0,0.0,205.12662499999988,11.396170238095253,342,1499.658
0,6965,8489,1035,0,0,0,0.9946759999999948,0.0016913333333333344,0.0,0.0,214.2450476190468,0.2847055555555561,342,1499.658
0,7937,8048,88,0,0,0,0.9690493333333342,0.16050200000000003,0.0,0.0,187.65998214285716,28.02825,342,1499.658
0,7748,8252,307,0,0,320,0.9723459999999984,0.38475466666666674,0.0,5.462,184.3401250000001,67.61165277777779,342,1499.658
0,7568,8432,539,0,0,53,0.9872906666666721,0.30554333333333333,0.0,0.902,200.11419642857135,53.48473611111111,342,1499.658
0,7749,8251,331,0,0,365,0.9879419999999979,0.3783599999999992,0.0,6.12,188.0279642857143,67.1309861111111,342,1499.658
0,7129,8861,953,0,0,0,0.9939013333333303,0.12637733333333345,0.0,0.0,211.9606071428564,22.249392857142865,342,1499.658
0,7525,8475,465,0,0,0,0.9920379999999965,0.09337666666666675,0.0,0.0,196.52032142857183,16.428861111111107,342,1499.658
0,7894,8106,185,0,0,0,0.9819360000000017,0.151772,0.0,0.0,189.76310714285717,26.502611111111108,342,1499.658
0,8536,7464,34,0,0,949,0.9224866666666668,0.3919693333333328,0.0,7.33,171.3968027777779,69.18261904761904,342,1499.658
0,8247,7753,0,0,0,759,0.4474773333333327,0.39211533333333365,0.0,7.563,84.71075555555552,69.41636904761907,342,1499.658
0,7913,8087,0,0,0,326,0.4398760000000002,0.386966,0.0,6.84,82.38403571428574,69.13444444444451,342,1499.658
0,7199,8801,128,0,0,0,0.8147719999999992,0.19230066666666687,0.0,0.0,154.6233035714285,34.03129166666663,342,1499.658
0,7317,8683,591,0,0,0,0.9923193333333306,0.09659266666666662,0.0,0.0,200.8098035714283,17.004002777777814,342,1499.658
0,8000,8000,109,0,0,0,0.9859033333333332,0.23052133333333333,0.0,0.041,187.42275,40.859125,342,1499.658
0,8000,8000,11,0,0,474,0.9725799999999999,0.39373333333333316,0.0,8.372,182.8755,69.697,342,1499.658
0,8233,7767,60,0,0,684,0.9248053333333347,0.39328133333333304,0.0,8.312,173.17661944444438,69.70051785714288,342,1499.658
0,8241,7759,0,0,0,714,0.7714653333333321,0.39378533333333327,0.0,8.309,145.2385555555555,69.70151785714289,342,1499.658
0,7614,8386,0,0,0,414,0.6604120000000004,0.34772200000000025,0.0,4.376,123.44532142857122,61.169781746031695,342,1499.658
0,8146,7854,0,0,0,245,0.8895659999999999,0.3190286666666662,0.0,2.144,168.04160317460307,57.065831349206334,342,1499.658
0,8576,7424,0,0,0,1083,0.6004939999999999,0.394819333333333,0.0,8.294,109.98527777777782,69.8011071428571,342,1499.658
0,7370,8630,0,0,0,107,0.6599813333333332,0.330404,0.0,2.762,124.18396428571431,58.59494444444454,342,1499.658
0,8240,7760,144,0,0,472,0.9004233333333326,0.2710846666666664,0.0,2.537,172.7434642857144,47.66250992063491,342,1499.658
0,8134,7866,0,0,0,581,0.6276586666666674,0.3923206666666667,0.0,8.093,116.72681944444444,69.646125,342,1499.658
0,7108,8892,445,0,0,65,0.8772259999999957,0.26691266666666674,0.0,1.03,171.3290357142853,46.93373611111114,342,1499.658
0,7910,8090,154,0,0,0,0.9838533333333354,0.21617466666666676,0.0,0.06,189.62653571428572,37.968652777777784,342,1499.658
0,8607,7393,14,0,0,1136,0.7461973333333319,0.39731200000000017,0.0,8.48,139.8904027777777,69.82987500000003,342,1499.658
0,8000,8000,0,0,0,504,0.6365833333333335,0.3946546666666665,0.0,8.028,117.39025,69.608,342,1499.658
0,8000,8000,0,0,0,563,0.6702679999999973,0.398518666666666,0.0,8.445,126.11125,69.722875,342,1499.658
0,8000,8000,0,0,0,518,0.6090186666666674,0.39464933333333324,0.0,7.977,115.503875,69.53875,342,1499.658
0,8000,8000,0,0,0,555,0.6225413333333328,0.39777199999999996,0.0,8.486,115.505,69.724375,342,1499.658
0,7680,8320,0,0,0,339,0.6475966666666668,0.38073333333333353,0.0,4.894,121.5440476190478,66.9376785714286,342,1499.658
0,7846,8154,87,0,0,211,0.9637520000000003,0.3436379999999999,0.0,3.405,180.58167857142857,60.62394444444445,342,1499.658
0,8349,7651,1,0,0,915,0.924379333333335,0.39849533333333337,0.0,8.398,173.63712500000014,69.76862500000001,342,1499.658
0,7983,8017,0,0,0,603,0.6349673333333322,0.3965326666666662,0.0,7.63,119.15246428571432,69.41582936507932,342,1499.658
0,7114,8886,709,0,0,0,0.952869999999999,0.2007160000000001,0.0,0.0,191.1191607142849,35.34323611111111,342,1499.658
0,7618,8382,383,0,0,0,0.9887773333333305,0.21538733333333354,0.0,0.0,192.98410714285703,38.3347222222222,342,1499.658
0,7668,8332,322,0,0,0,0.9874586666666652,0.1862073333333333,0.0,0.0,195.6279285714287,32.61243055555555,342,1499.658
0,7443,8557,764,0,0,0,0.9815233333333322,0.17369799999999994,0.0,0.0,204.31438888888795,30.660603174603196,342,1499.658
0,8561,7439,0,0,0,866,0.6090526666666662,0.38465066666666653,0.0,7.238,113.71780555555559,67.64749999999997,342,1499.658
0,7989,8011,0,0,0,439,0.4701240000000001,0.3925846666666671,0.0,7.992,89.62544642857144,69.56888888888892,342,1499.658
0,7057,8943,87,0,0,4,0.7499419999999998,0.23051866666666657,0.0,0.263,142.1170357142858,40.541875000000054,342,1499.658
0,8000,8000,0,0,0,130,0.9457726666666684,0.29288200000000003,0.0,1.555,180.47375,51.527,342,1499.658
0,7541,8459,406,0,0,372,0.9565086666666615,0.36750266666666614,0.0,5.869,183.4316607142857,64.96886111111112,342,1499.658
0,7097,8821,867,0,0,0,0.9930573333333312,0.05110266666666678,0.0,0.0,213.55392857142928,8.875648015873006,342,1499.658
0,8351,7534,191,0,0,283,0.9260226666666661,0.14262733333333322,0.0,1.04,182.01199841269863,25.719163492063483,342,1499.658
0,8263,7737,0,0,0,714,0.45283266666666666,0.3932466666666669,0.0,8.207,85.22499444444446,69.7020892857143,342,1499.658
0,7125,8875,39,0,0,51,0.7697600000000004,0.1927266666666668,0.0,0.929,145.16277380952383,33.81672777777774,342,1499.658
0,8000,8000,112,0,0,109,0.9792020000000005,0.29959066666666667,0.0,1.578,184.8215,52.91525,342,1499.658
0,8000,8000,31,0,0,393,0.9651520000000023,0.3897239999999991,0.0,7.78,179.738125,69.503625,342,1499.658
0,7224,8776,697,0,0,144,0.9916106666666629,0.32182533333333396,0.0,1.95,203.38374999999925,56.013111111111115,342,1499.658
0,7188,8672,878,0,0,0,0.993099333333333,0.06391866666666664,0.0,0.0,210.6341428571417,11.355426587301578,342,1499.658
0,7345,8550,643,0,0,0,0.9868979999999921,0.09677133333333322,0.0,0.0,199.17224999999874,17.17788214285714,342,1499.658
0,7659,8289,305,0,0,0,0.9802353333333313,0.09995600000000014,0.0,0.0,193.21369642857155,17.619043650793635,342,1499.658
0,8071,7929,400,0,0,203,0.8919906666666679,0.19449933333333314,0.0,1.606,180.15707539682518,34.38642857142855,342,1499.658
0,8000,8000,0,0,0,433,0.5926460000000006,0.3924246666666664,0.0,7.983,113.501625,69.566875,342,1499.658
0,7618,8382,0,0,0,309,0.5582479999999987,0.36078866666666654,0.0,5.091,104.99762499999999,64.09501388888891,342,1499.658
0,7421,8579,231,0,0,0,0.9505620000000008,0.11535599999999999,0.0,0.0,184.56583928571433,20.429533333333328,342,1499.658
0,7388,8612,477,0,0,0,0.970068666666662,0.22323066666666674,0.0,0.0,195.08242857142852,39.43974444444441,342,1499.658
0,8640,7360,130,0,0,550,0.7675466666666672,0.26358199999999954,0.0,3.718,149.19499801587304,46.91726388888887,342,1499.658
0,7373,8627,0,0,0,248,0.6456526666666664,0.3239793333333333,0.0,3.198,120.79455357142855,56.861208333333394,342,1499.658
0,7296,8588,641,0,0,0,0.9901473333333346,0.04684600000000006,0.0,0.0,201.80394642857078,8.326106746031746,342,1499.658
0,8000,8000,83,0,0,144,0.9675579999999999,0.31292066666666707,0.0,3.079,182.791125,55.148125,342,1499.658
0,7489,8511,316,0,0,269,0.9530806666666616,0.34308333333333396,0.0,4.069,187.29985714285695,60.484333333333346,342,1499.658
0,7360,8640,506,0,0,0,0.9896566666666695,0.10830800000000024,0.0,0.0,203.22123214285688,19.092013888888875,342,1499.658
0,8097,7903,463,0,0,222,0.9113366666666677,0.16718200000000003,0.0,1.265,183.00419642857153,29.456121031746015,342,1499.658
0,8403,7597,0,0,0,857,0.45311800000000024,0.39287533333333274,0.0,8.132,84.91645833333337,69.71519642857142,342,1499.658
0,8000,8000,0,0,0,491,0.37170333333333383,0.39333799999999974,0.0,7.692,69.691125,69.521875,342,1499.658
0,8000,8000,0,0,0,567,0.3765606666666676,0.39847066666666653,0.0,8.298,70.6905,69.68125,342,1499.658
0,8102,7898,0,0,0,456,0.3915506666666667,0.3876826666666662,0.0,7.921,72.77372222222225,69.54980357142857,342,1499.658
0,8000,8000,0,0,0,454,0.3606,0.3912766666666668,0.0,8.041,67.7735,69.5415,342,1499.658
0,8000,8000,0,0,0,474,0.3360019999999992,0.394305333333333,0.0,7.858,62.919875,69.522625,342,1499.658
0,8000,8000,0,0,0,507,0.3825093333333337,0.3925319999999996,0.0,7.484,71.416,69.405625,342,1499.658
0,8075,7925,0,0,0,608,0.35922200000000026,0.39673733333333316,0.0,8.475,67.68205555555556,69.74044642857145,342,1499.658
0,8017,7983,0,0,0,503,0.32605866666666616,0.393413333333334,0.0,7.498,60.44888888888889,69.36564285714286,342,1499.658
0,8061,7939,0,0,0,673,0.34574199999999994,0.3999606666666665,0.0,8.476,64.64368055555556,69.73237500000005,342,1499.658
0,8047,7953,0,0,0,459,0.2863646666666667,0.3887366666666662,0.0,6.961,53.91175,69.30166071428572,342,1499.658
0,7246,8754,0,0,0,177,0.4309046666666666,0.28207933333333385,0.0,2.232,81.13548214285716,49.652013888888966,342,1499.658
0,6938,8637,695,0,0,0,0.9531179999999976,0.010492666666666763,0.0,0.0,194.01485714285624,1.8815392857142779,342,1499.658
0,8057,7798,450,0,0,205,0.9148173333333351,0.1260306666666666,0.0,1.023,185.76047857142825,22.20110079365079,342,1499.658
0,7825,8175,0,0,0,781,0.4614666666666666,0.3261026666666664,0.0,5.411,86.18818333333324,58.103065079364995,342,1499.658
0,7215,8362,496,0,0,0,0.9633166666666685,0.01025733333333334,0.0,0.0,192.86381666666628,1.8464266233766233,342,1499.658
0,7478,8522,573,0,0,0,0.9876853333333263,0.13085866666666673,0.0,0.0,196.08177380952384,23.33830227272726,342,1499.658
0,8679,7280,82,0,0,566,0.7564266666666672,0.24363399999999996,0.0,3.588,148.26448611111113,43.48712499999998,342,1499.658
0,8132,7868,0,0,0,731,0.3590126666666666,0.3996793333333335,0.0,8.451,67.50258333333333,69.74701785714286,342,1499.658
0,8000,8000,0,0,0,535,0.35347866666666666,0.3969160000000005,0.0,8.006,66.0695,69.55125,342,1499.658
0,7117,8883,0,0,0,80,0.6228746666666668,0.21963466666666662,0.0,1.073,116.51201785714287,39.21972222222218,342,1499.658
0,6989,8540,1002,0,0,0,0.9939819999999946,0.005536666666666595,0.0,0.0,208.94573809523686,0.9714099206349172,342,1499.658
0,7428,8260,600,0,0,0,0.991123333333337,0.03689266666666666,0.0,0.0,203.9699285714281,6.508015873015872,342,1499.658
0,8000,8000,21,0,0,139,0.9836259999999979,0.3050813333333332,0.0,1.975,184.352375,53.843,342,1499.658
0,8000,8000,49,0,0,593,0.9778393333333358,0.40006399999999953,0.0,8.562,183.448125,69.7485,342,1499.658
0,7539,8461,472,0,0,271,0.9861786666666573,0.35007533333333457,0.0,4.704,193.82016071428558,62.158930555555656,342,1499.658
0,7609,8242,682,0,0,0,0.9558533333333342,0.10019600000000015,0.0,0.0,200.9668543650794,17.668469480519473,342,1499.658
0,8206,7794,0,0,0,726,0.5354133333333336,0.38100466666666705,0.0,6.549,100.612257936508,67.59763690476191,342,1499.658
0,7123,8847,254,0,0,0,0.873492666666666,0.11950133333333321,0.0,0.0,171.26576666666662,21.252074747474754,342,1499.658
0,8000,8000,60,0,0,0,0.9780706666666663,0.19065800000000024,0.0,0.0,185.108875,33.487,342,1499.658
0,8000,8000,50,0,0,399,0.9710060000000053,0.38993466666666643,0.0,7.484,181.119,69.42475,342,1499.658
0,7513,8487,457,0,0,305,0.9676079999999931,0.344598,0.0,4.379,190.56655357142844,60.74891666666671,342,1499.658
0,7675,8325,356,0,0,0,0.988471333333337,0.17688933333333323,0.0,0.0,197.12355357142877,31.081083333333336,342,1499.658
0,8000,8000,15,0,0,215,0.9762133333333337,0.37346133333333337,0.0,4.793,183.65925,67.25825,342,1499.658
0,8000,8000,0,0,0,402,0.9542559999999993,0.3880460000000002,0.0,7.312,179.791875,69.4025,342,1499.658
0,8500,7500,0,0,0,999,0.823039999999998,0.3955160000000007,0.0,8.336,153.4490833333333,69.76967857142859,342,1499.658
0,8171,7829,0,0,0,702,0.6502719999999999,0.3972006666666669,0.0,8.319,121.02446666666665,69.68813095238096,342,1499.658
0,8357,7643,0,0,0,825,0.39145866666666707,0.3937373333333336,0.0,8.334,72.60264444444445,69.75140476190477,342,1499.658
0,7355,8645,0,0,0,145,0.6046753333333329,0.30296266666666677,0.0,2.101,112.08614285714287,53.20798611111111,342,1499.658
0,8000,8000,0,0,0,295,0.8764853333333327,0.35548599999999914,0.0,4.221,164.9025,62.5075,342,1499.658
0,7933,8067,0,0,0,456,0.871731333333334,0.39448333333333335,0.0,8.19,163.03689285714293,69.5842222222222,342,1499.658
0,7055,8945,825,0,0,0,0.9893706666666623,0.19897133333333367,0.0,0.017,205.86666071428448,35.19236111111109,342,1499.658
0,8000,8000,112,0,0,2,0.9815886666666677,0.23385000000000006,0.0,0.383,185.9485,41.375,342,1499.658
0,7205,8795,784,0,0,32,0.9925839999999987,0.2490826666666666,0.0,0.919,205.959892857142,44.16723611111118,342,1499.658
0,8000,8000,48,0,0,147,0.9719720000000014,0.3167460000000001,0.0,2.861,184.026875,55.984625,342,1499.658
0,8000,8000,0,0,0,413,0.9742233333333344,0.39006399999999997,0.0,7.701,182.12925,69.4645,342,1499.658
0,8770,7230,0,0,0,1212,0.69877,0.3933693333333329,0.0,8.267,130.59388888888893,69.83319642857143,342,1499.658
0,8000,8000,0,0,0,377,0.4168766666666662,0.387938,0.0,7.227,78.99725,69.374625,342,1499.658
0,8000,8000,0,0,0,537,0.4076226666666666,0.3956799999999997,0.0,8.342,76.306125,69.687,342,1499.658
0,8000,8000,0,0,0,566,0.413054,0.39940066666666696,0.0,8.466,77.3185,69.722,342,1499.658
0,8000,8000,0,0,0,598,0.44350799999999974,0.3992099999999998,0.0,8.52,82.95625,69.721625,342,1499.658
0,8174,7826,0,0,0,650,0.39433266666666733,0.39339333333333276,0.0,8.05,74.247375,69.61046428571429,342,1499.658
0,6731,9056,189,0,0,11,0.6274939999999974,0.18488466666666656,0.0,0.145,119.0028690476191,32.88846626984123,342,1499.658
0,6989,8514,1001,0,0,0,0.9947319999999944,0.0022746666666666627,0.0,0.0,215.00478571428474,0.3814686507936508,342,1499.658
0,7000,8466,1106,0,0,0,0.994759333333327,0.002486666666666664,0.0,0.0,213.16814285714182,0.4174984126984124,342,1499.658
0,7269,8388,591,0,0,0,0.9715426666666638,0.05796399999999999,0.0,0.0,202.00308928571428,10.194291666666672,342,1499.658
0,7000,8669,947,0,0,0,0.9945326666666591,0.008080666666666599,0.0,0.0,212.6964285714276,1.4106916666666585,342,1499.658
0,7000,8526,920,0,0,0,0.9945593333333296,0.0019346666666666677,0.0,0.0,213.11899999999903,0.3251797619047622,342,1499.658
0,7824,8160,254,0,0,0,0.9857666666666652,0.15515733333333342,0.0,0.0,189.4318750000001,27.427988095238113,342,1499.658
0,7224,8744,836,0,0,0,0.9904480000000004,0.07551266666666669,0.0,0.0,209.47686904761906,13.347470634920624,342,1499.658
0,8000,8000,2,0,0,0,0.9733379999999998,0.23052533333333333,0.0,0.055,182.364125,40.794875,342,1499.658
0,8000,8000,14,0,0,489,0.9715713333333335,0.3928459999999989,0.0,8.15,182.400625,69.618625,342,1499.658
0,8000,8000,72,0,0,446,0.9878440000000043,0.3935420000000001,0.0,7.781,184.647625,69.5055,342,1499.658
0,7761,8239,250,0,0,454,0.9793666666666646,0.38991066666666613,0.0,6.633,186.76949999999994,68.2179722222223,342,1499.658
0,8032,7968,389,0,0,361,0.947474,0.24757200000000007,0.0,1.696,190.17019325396853,43.92500992063494,342,1499.658
0,8276,7724,0,0,0,653,0.5798913333333341,0.38972266666666683,0.0,8.069,107.91935833333334,69.61557142857143,342,1499.658
0,7534,8466,48,0,0,53,0.829254666666667,0.24446533333333337,0.0,0.797,157.15385714285722,43.68673412698404,342,1499.658
0,8477,7523,0,0,0,864,0.5814380000000002,0.391352,0.0,7.593,109.20918055555559,69.12382142857139,342,1499.658
0,7743,8257,0,0,0,229,0.5528260000000003,0.37934866666666733,0.0,5.826,103.5018928571429,67.79312500000006,342,1499.658
0,7559,8441,178,0,0,0,0.9411406666666725,0.23867000000000002,0.0,0.0,176.93632142857143,42.31998333333334,342,1499.658
0,8000,8000,0,0,0,398,0.9551286666666662,0.39026333333333313,0.0,7.189,180.56825,68.969875,342,1499.658
0,7780,8220,374,0,0,383,0.968955333333334,0.3649166666666667,0.0,3.697,190.81834325396784,63.43629761904763,342,1499.658
0,8535,7465,0,0,0,1070,0.6176626666666666,0.3962700000000002,0.0,8.432,114.9610833333332,69.79210714285713,342,1499.658
0,7475,8525,0,0,0,341,0.5615933333333335,0.3518213333333336,0.0,4.875,106.4383238095238,61.8012848484849,342,1499.658
0,8000,8000,0,0,0,76,0.8376493333333327,0.30144733333333346,0.0,1.24,156.985375,53.904125,342,1499.658
0,8316,7684,0,0,0,780,0.7036626666666661,0.3942086666666674,0.0,8.395,132.9059722222222,69.76933928571427,342,1499.658
0,8000,8000,0,0,0,567,0.5556593333333338,0.3979386666666668,0.0,8.525,105.124625,69.755,342,1499.658
0,7399,8601,21,0,0,155,0.7192260000000008,0.3077393333333334,0.0,2.862,133.61576785714288,54.65590555555554,342,1499.658
0,7812,8188,220,0,0,0,0.9862900000000033,0.24384333333333344,0.0,0.0,188.65405357142856,43.40329166666665,342,1499.658
0,7391,8609,534,0,0,61,0.9862786666666621,0.2808713333333333,0.0,1.337,201.93169880952308,49.28431944444447,342,1499.658
0,8480,7520,0,0,0,794,0.7871893333333342,0.3654226666666665,0.0,5.147,147.2061468253969,64.37307936507933,342,1499.658
0,7030,8970,484,0,0,0,0.9110999999999971,0.2809806666666666,0.0,0.0,182.11852976190406,48.58531944444441,342,1499.658
0,8000,8000,5,0,0,188,0.9685840000000004,0.31093266666666675,0.0,2.399,184.081875,54.41375,342,1499.658
0,8000,8000,0,0,0,502,0.9451446666666673,0.39475999999999944,0.0,8.266,177.094125,69.675125,342,1499.658
0,7912,8088,0,0,0,472,0.944279333333332,0.39541933333333357,0.0,8.134,178.80548214285707,69.5758472222223,342,1499.658
0,7233,8767,630,0,0,0,0.9900426666666649,0.2391753333333331,0.0,0.0,205.5387797619039,41.941136111111106,342,1499.658
0,8567,7433,0,0,0,864,0.8489660000000001,0.35837599999999925,0.0,5.04,160.0264166666667,62.80496428571425,342,1499.658
0,7431,8569,0,0,0,134,0.7706746666666664,0.23242999999999947,0.0,0.941,144.68875992063494,41.38632142857144,342,1499.658
0,8076,7924,0,0,0,272,0.9347073333333336,0.34204600000000007,0.0,3.571,175.40111111111116,60.76078571428574,342,1499.658
0,8618,7382,0,0,0,1041,0.5950020000000005,0.392532666666667,0.0,8.361,111.5324166666667,69.81823214285713,342,1499.658
0,8000,8000,0,0,0,508,0.43426533333333317,0.394266666666666,0.0,8.041,82.52,69.60175,342,1499.658
0,8000,8000,0,0,0,375,0.40157800000000016,0.3877166666666662,0.0,7.65,75.6295,69.4335,342,1499.658
0,8017,7983,0,0,0,402,0.39762199999999986,0.38900533333333326,0.0,7.739,74.10361111111109,69.49680357142859,342,1499.658
0,7443,8557,0,0,0,252,0.512142,0.35801533333333374,0.0,3.957,95.123267857143,62.53356944444446,342,1499.658
0,6991,8879,711,0,0,0,0.9645579999999967,0.09809666666666647,0.0,0.0,197.5153809523794,17.22735317460315,342,1499.658
0,7876,8046,135,0,0,0,0.9656946666666676,0.08443000000000006,0.0,0.0,188.41377380952383,15.085245634920636,342,1499.658
0,8859,7141,0,0,0,1139,0.6740293333333347,0.37645999999999996,0.0,6.804,125.56673611111113,65.98535714285713,342,1499.658
0,8000,8000,0,0,0,367,0.3938353333333338,0.38610199999999983,0.0,6.787,73.80525,69.229625,342,1499.658
0,7053,8923,0,0,0,87,0.5481833333333335,0.27513066666666697,0.0,2.158,103.41420238095242,49.103876190476164,342,1499.658
0,6956,8440,952,0,0,0,0.9941979999999944,0.0017153333333333346,0.0,0.0,210.91788095237987,0.28901587301587334,342,1499.658
0,7943,7891,352,0,0,10,0.9643220000000025,0.08777599999999995,0.0,0.091,193.43554801587305,15.57307658730159,342,1499.658
0,8722,7278,0,0,0,1252,0.42740999999999973,0.3956673333333328,0.0,7.677,79.49427777777775,69.62992857142854,342,1499.658
0,7659,8341,0,0,0,331,0.3962393333333336,0.36896733333333326,0.0,5.459,73.70096428571436,65.1585694444444,342,1499.658
0,7814,8186,0,0,0,159,0.7753826666666656,0.3146453333333337,0.0,3.074,143.31139285714283,55.45358333333333,342,1499.658
0,8670,7330,0,0,0,962,0.6708566666666669,0.3864479999999994,0.0,7.712,125.42376388888891,69.60792857142864,342,1499.658
0,8078,7922,0,0,0,505,0.36228733333333313,0.3892039999999997,0.0,7.754,67.68333333333334,69.52664285714287,342,1499.658
0,8000,8000,0,0,0,505,0.3162259999999996,0.3960420000000002,0.0,8.409,60.11425,69.704125,342,1499.658
0,7700,8300,0,0,0,365,0.3033833333333334,0.37626000000000026,0.0,5.976,56.59441071428569,66.3315694444445,342,1499.658
0,7000,8990,230,0,0,0,0.7925279999999962,0.15687599999999996,0.0,0.0,151.98357142857142,27.348916666666693,342,1499.658
0,7000,8526,1105,0,0,0,0.9946746666666606,0.002285999999999999,0.0,0.0,213.1365714285704,0.38270277777777767,342,1499.658
0,7000,8521,965,0,0,0,0.9946286666666593,0.002274666666666659,0.0,0.0,213.1368571428559,0.38213730158730114,342,1499.658
0,7497,8287,478,0,0,0,0.9886466666666726,0.045491333333333314,0.0,0.0,201.85787499999978,7.948969841269841,342,1499.658
0,8657,7343,0,0,0,971,0.8097986666666668,0.35118466666666676,0.0,5.034,152.57488888888906,60.97735714285715,342,1499.658
0,8170,7830,0,0,0,677,0.4854953333333332,0.3943979999999996,0.0,8.433,88.88079166666665,69.74005357142858,342,1499.658
0,8000,8000,0,0,0,523,0.5222733333333325,0.3963046666666665,0.0,8.131,98.45175,69.5875,342,1499.658
0,8000,8000,0,0,0,425,0.5130466666666668,0.39055199999999995,0.0,7.853,95.71875,69.534375,342,1499.658
0,8002,7998,0,0,0,586,0.5240893333333336,0.3995993333333338,0.0,8.421,97.89676388888888,69.72007142857142,342,1499.658
0,8000,8000,0,0,0,545,0.5656946666666667,0.3974493333333331,0.0,8.145,105.6595,69.647875,342,1499.658
0,7107,8893,196,0,0,34,0.830895333333331,0.20971533333333323,0.0,0.625,162.1532202380952,37.076052525252514,342,1499.658
0,8000,8000,53,0,0,0,0.9843266666666692,0.22436799999999996,0.0,0.018,184.569875,39.6115,342,1499.658
0,8000,8000,100,0,0,435,0.9872940000000026,0.3921633333333336,0.0,7.977,185.24125,69.572125,342,1499.658
0,8000,8000,0,0,0,516,0.9506099999999985,0.39516466666666655,0.0,8.216,179.77725,69.632125,342,1499.658
0,8601,7399,0,0,0,1042,0.7434999999999996,0.39173133333333343,0.0,8.26,136.34145833333332,69.75116071428565,342,1499.658
0,8117,7883,0,0,0,643,0.693796666666668,0.397821333333332,0.0,8.486,128.29208333333332,69.74155357142857,342,1499.658
0,8000,8000,0,0,0,518,0.6160593333333323,0.3952400000000006,0.0,8.404,116.549125,69.703625,342,1499.658
0,8000,8000,0,0,0,531,0.6078859999999997,0.3967386666666663,0.0,8.419,113.759375,69.722875,342,1499.658
0,7993,8007,0,0,0,436,0.5729806666666665,0.39082666666666627,0.0,7.638,108.96851785714286,69.42804166666669,342,1499.658
0,6947,9053,358,0,0,6,0.8395446666666622,0.20765199999999995,0.0,0.163,164.22085476190486,36.7265838383839,342,1499.658
0,8000,8000,82,0,0,11,0.9862086666666711,0.21496933333333348,0.0,0.416,187.799125,37.64375,342,1499.658
0,7703,8297,401,0,0,310,0.9899093333333345,0.3819546666666666,0.0,6.243,188.71543809523797,68.02450227272725,342,1499.658
0,7609,8391,594,0,0,0,0.9754446666666716,0.14092000000000002,0.0,0.0,204.5395103174602,24.7934844155844,342,1499.658
0,7898,8102,0,0,0,589,0.6896346666666663,0.363723333333333,0.0,4.903,130.41270039682541,63.710313492063506,342,1499.658
0,7384,8616,462,0,0,0,0.9798906666666702,0.13275200000000004,0.0,0.0,194.86242857142864,23.52441010101013,342,1499.658
0,8000,8000,19,0,0,198,0.9760979999999997,0.33942666666666654,0.0,4.234,184.199375,59.903,342,1499.658
0,8000,8000,0,0,0,460,0.9504266666666643,0.39240333333333305,0.0,7.941,177.811875,69.543625,342,1499.658
0,8000,8000,0,0,0,394,0.8902113333333347,0.38955866666666666,0.0,8.112,169.41975,69.623875,342,1499.658
0,8000,8000,0,0,0,498,0.9090446666666661,0.3945806666666672,0.0,8.054,168.93125,69.60175,342,1499.658
0,8634,7366,0,0,0,1132,0.6699446666666673,0.3961493333333329,0.0,8.444,125.98095833333333,69.81487499999997,342,1499.658
0,8000,8000,0,0,0,493,0.5276740000000002,0.3940293333333335,0.0,7.985,98.00275,69.59575,342,1499.658
0,8000,8000,0,0,0,359,0.49654600000000043,0.38605666666666627,0.0,7.134,94.0995,69.309,342,1499.658
0,8000,8000,0,0,0,421,0.45352133333333244,0.3915726666666673,0.0,8.072,85.61225,69.610125,342,1499.658
0,8000,8000,0,0,0,559,0.4510113333333324,0.3970913333333335,0.0,8.358,84.559875,69.66325,342,1499.658
0,8078,7922,0,0,0,574,0.4226039999999995,0.39554999999999974,0.0,8.176,79.49623611111113,69.64607142857143,342,1499.658
0,8000,8000,0,0,0,586,0.42043333333333266,0.39870133333333335,0.0,8.114,77.843125,69.656375,342,1499.658
0,8052,7948,0,0,0,626,0.41589799999999943,0.39786,0.0,8.136,78.30747222222222,69.64551785714283,342,1499.658
0,8000,8000,0,0,0,558,0.3726886666666664,0.3987846666666665,0.0,8.255,70.673875,69.668375,342,1499.658
0,8000,8000,0,0,0,446,0.33869466666666664,0.39098866666666693,0.0,8.122,63.4085,69.612125,342,1499.658
0,8224,7776,0,0,0,788,0.28488133333333326,0.39837533333333286,0.0,8.353,53.53763888888892,69.72726785714283,342,1499.658
0,8000,8000,0,0,0,518,0.1821413333333335,0.3947653333333331,0.0,8.183,33.943375,69.625375,342,1499.658
0,8084,7916,0,0,0,594,0.1561353333333338,0.3961333333333337,0.0,8.241,29.326152777777782,69.69351785714284,342,1499.658
0,7826,8174,0,0,0,457,0.11745400000000013,0.39536333333333307,0.0,7.179,22.25869642857143,69.07602777777778,342,1499.658
0,7000,9000,0,0,0,0,0.5132886666666667,0.1659986666666666,0.0,0.0,96.55500000000008,29.608333333333352,342,1499.658
0,7000,8578,778,0,0,0,0.9783706666666622,0.002188666666666667,0.0,0.0,201.21257142857056,0.3694277777777778,342,1499.658
0,7000,8432,1017,0,0,0,0.9946686666666604,0.0014779999999999995,0.0,0.0,213.14685714285608,0.2493432539682548,342,1499.658
0,7000,8429,904,0,0,0,0.994571333333327,0.0013406666666666688,0.0,0.0,213.11999999999924,0.22645555555555638,342,1499.658
0,7000,8566,1075,0,0,0,0.9948033333333279,0.002471999999999995,0.0,0.0,213.17871428571317,0.4141761904761899,342,1499.658
0,6881,8497,1031,0,0,0,0.9947279999999937,0.0018813333333333356,0.0,0.0,218.00287499999965,0.3195698412698419,342,1499.658
0,8000,8000,197,0,0,0,0.991380000000009,0.19919333333333378,0.0,0.0,187.61125,35.2965,342,1499.658
0,7401,8599,547,0,0,162,0.9889293333333277,0.3282873333333331,0.0,2.827,198.3629285714282,57.87281944444449,342,1499.658
0,6981,8797,1046,0,0,0,0.9947379999999932,0.05938800000000027,0.0,0.0,213.7428571428562,10.349732539682586,342,1499.658
0,7220,8439,780,0,0,0,0.9921286666666638,0.007945999999999998,0.0,0.0,209.7411428571422,1.3987992063492065,342,1499.658
0,7727,8273,338,0,0,0,0.9838746666666696,0.10251,0.0,0.0,191.18489285714278,18.072375,342,1499.658
0,8000,8000,26,0,0,163,0.9720593333333329,0.3185293333333335,0.0,2.7,183.092875,56.550875,342,1499.658
0,8000,8000,0,0,0,325,0.9454873333333342,0.38524400000000003,0.0,7.089,177.927875,69.32375,342,1499.658
0,8072,7928,27,0,0,579,0.9575326666666687,0.3946286666666671,0.0,8.247,179.62319444444447,69.66583928571428,342,1499.658
0,8000,8000,0,0,0,456,0.871009333333334,0.3928753333333335,0.0,7.787,165.0415,69.526125,342,1499.658
0,8000,8000,0,0,0,486,0.8164500000000011,0.39475800000000005,0.0,8.224,153.09175,69.66175,342,1499.658
0,8000,8000,0,0,0,496,0.7952799999999995,0.39353599999999994,0.0,8.152,151.517125,69.62725,342,1499.658
0,8000,8000,0,0,0,495,0.7758333333333348,0.39470533333333335,0.0,8.192,144.632625,69.609,342,1499.658
0,8000,8000,0,0,0,514,0.7922426666666658,0.39578733333333316,0.0,8.332,148.21975,69.66775,342,1499.658
0,8000,8000,0,0,0,543,0.7462706666666657,0.3973560000000008,0.0,8.395,141.53325,69.683125,342,1499.658
0,8000,8000,0,0,0,494,0.6803833333333337,0.39314733333333357,0.0,8.163,129.28425,69.641625,342,1499.658
0,8000,8000,0,0,0,425,0.6310026666666664,0.391780666666667,0.0,7.744,119.079125,69.49575,342,1499.658
0,8009,7991,0,0,0,540,0.6590859999999995,0.3964640000000001,0.0,8.448,122.14558333333333,69.72398214285714,342,1499.658
0,8577,7423,0,0,0,1070,0.4063179999999999,0.396158,0.0,8.366,76.32954166666663,69.81401785714284,342,1499.658
0,8000,8000,0,0,0,477,0.2497546666666665,0.39191733333333384,0.0,7.759,47.010375,69.54,342,1499.658
0,7725,8275,0,0,0,401,0.24914466666666654,0.3926659999999996,0.0,6.294,46.97919642857144,68.43697222222217,342,1499.658
0,7301,8699,0,0,0,0,0.6962853333333329,0.21314000000000025,0.0,0.0,132.1998869047618,37.52812698412696,342,1499.658
0,8766,7234,0,0,0,926,0.5080959999999994,0.3759833333333334,0.0,6.959,94.61236111111126,66.80224999999997,342,1499.658
0,8000,8000,0,0,0,431,0.3420520000000003,0.39133200000000024,0.0,8.126,64.3955,69.601375,342,1499.658
0,8000,8000,0,0,0,378,0.2972853333333331,0.38856733333333404,0.0,7.779,56.34525,69.477125,342,1499.658
0,8000,8000,0,0,0,442,0.25867133333333375,0.39083399999999996,0.0,8.067,48.443375,69.571875,342,1499.658
0,8125,7875,0,0,0,519,0.27890399999999993,0.39057733333333244,0.0,8.154,51.45370833333334,69.65203571428573,342,1499.658
0,8000,8000,0,0,0,482,0.271454666666667,0.39437199999999967,0.0,8.359,50.9175,69.65475,342,1499.658
0,7787,8213,0,0,0,477,0.2742053333333335,0.3892873333333332,0.0,6.412,51.52664285714291,68.19012500000007,342,1499.658
0,7217,8783,0,0,0,0,0.7176193333333332,0.14797466666666645,0.0,0.0,134.86844642857147,26.19756944444443,342,1499.658
0,8000,8000,0,0,0,0,0.9267119999999998,0.2171186666666667,0.0,0.0,173.87175,38.672625,342,1499.658
0,8732,7268,0,0,0,1142,0.7191659999999999,0.39312400000000025,0.0,7.765,135.00095833333336,69.54489285714287,342,1499.658
0,8476,7524,0,0,0,1090,0.1927920000000004,0.4003899999999991,0.0,8.552,36.00573611111109,69.82637499999997,342,1499.658
0,8000,8000,0,0,0,499,0.13746466666666673,0.393614,0.0,7.632,25.750625,69.4805,342,1499.658
0,8000,8000,0,0,0,528,0.13981533333333332,0.39618399999999965,0.0,8.372,26.164125,69.67,342,1499.658
0,8120,7880,0,0,0,551,0.14912533333333344,0.39208400000000065,0.0,8.259,27.829319444444437,69.65798214285714,342,1499.658
0,8000,8000,0,0,0,528,0.10077066666666645,0.39564133333333396,0.0,8.276,18.827,69.67475,342,1499.658
0,8000,8000,0,0,0,479,0.09726066666666676,0.39399333333333364,0.0,8.388,18.28775,69.68475,342,1499.658
0,8000,8000,0,0,0,582,0.12158133333333321,0.3991226666666668,0.0,8.278,22.35975,69.646125,342,1499.658
0,8000,8000,0,0,0,482,0.2644433333333337,0.39325266666666664,0.0,7.957,48.788625,69.566625,342,1499.658
0,8000,8000,0,0,0,665,0.3199233333333331,0.4036466666666664,0.0,8.607,59.863125,69.75825,342,1499.658
0,8000,8000,0,0,0,497,0.2944133333333335,0.3943913333333329,0.0,8.395,55.474125,69.68375,342,1499.658
0,8099,7901,0,0,0,661,0.2909179999999999,0.39762066666666684,0.0,8.281,53.97452777777778,69.67128571428574,342,1499.658
0,8104,7896,0,0,0,612,0.1491406666666666,0.3952473333333335,0.0,8.328,28.314833333333333,69.68953571428571,342,1499.658
0,8000,8000,0,0,0,479,0.14177666666666663,0.3928619999999997,0.0,7.948,26.407,69.577375,342,1499.658
0,8091,7909,0,0,0,597,0.16152666666666665,0.3960940000000003,0.0,8.109,30.30341666666666,69.61016071428574,342,1499.658
0,7999,8000,0,0,0,548,0.038213999999999936,0.39744066666666655,0.0,8.428,7.245642857142857,69.711625,342,1499.658
0,7927,8000,0,0,0,445,0.008505999999999977,0.39083600000000057,0.0,7.512,1.5950952380952381,69.485,342,1499.658
0,7447,8553,0,0,0,283,0.14970200000000014,0.3333059999999999,0.0,4.146,28.322839285714302,58.62009722222224,342,1499.658
0,7000,8687,117,0,0,0,0.7300973333333322,0.0327746666666669,0.0,0.0,137.81257142857137,5.905238888888913,342,1499.658
0,7000,8505,965,0,0,0,0.9944766666666608,0.002273333333333327,0.0,0.0,212.45085714285617,0.3819071428571422,342,1499.658
0,7000,8504,954,0,0,0,0.9947013333333279,0.002343999999999992,0.0,0.0,213.1384285714276,0.39283134920634877,342,1499.658
0,7000,8447,976,0,0,0,0.9946193333333269,0.0017420000000000007,0.0,0.0,213.1349999999989,0.29305793650793743,342,1499.658
0,7000,8572,952,0,0,0,0.9945379999999949,0.002783999999999992,0.0,0.0,213.11342857142753,0.46649920634920616,342,1499.658
0,6916,8604,1167,0,0,0,0.9947939999999944,0.0019433333333333347,0.0,0.0,213.66033333333243,0.32621785714285717,342,1499.658
0,6911,8534,1120,0,0,0,0.9948266666666601,0.0017360000000000025,0.0,0.0,218.25260952380816,0.2915067460317463,342,1499.658
0,7000,8478,936,0,0,0,0.9946486666666614,0.0016333333333333343,0.0,0.0,213.1388571428561,0.27529563492063547,342,1499.658
0,7505,8374,533,0,0,0,0.9878333333333369,0.045113333333333346,0.0,0.0,200.42242857142801,7.917228174603177,342,1499.658
0,8000,8000,102,0,0,121,0.9869113333333355,0.2836599999999996,0.0,1.936,185.70425,49.927875,342,1499.658
0,8000,8000,46,0,0,549,0.9752073333333333,0.39767133333333354,0.0,8.381,183.898,69.69775,342,1499.658
0,8000,8000,0,0,0,517,0.9598240000000003,0.39547333333333334,0.0,8.229,179.214875,69.648875,342,1499.658
0,8000,8000,0,0,0,571,0.9516973333333338,0.3981426666666666,0.0,8.343,179.322,69.6765,342,1499.658
0,8000,8000,0,0,0,387,0.8965959999999991,0.3876313333333342,0.0,6.769,170.728875,69.129875,342,1499.658
0,8000,8000,0,0,0,550,0.8469719999999992,0.3966246666666665,0.0,8.253,158.967,69.68325,342,1499.658
0,8000,8000,0,0,0,475,0.8219653333333342,0.39362133333333377,0.0,8.317,155.64,69.68075,342,1499.658
0,8000,8000,0,0,0,559,0.821150666666666,0.3981033333333323,0.0,8.122,152.87875,69.587375,342,1499.658
0,8528,7472,0,0,0,1034,0.5737286666666664,0.39569800000000016,0.0,8.421,108.77134722222222,69.83583928571426,342,1499.658
0,7876,8124,0,0,0,457,0.44648200000000066,0.38770333333333296,0.0,7.222,83.43033928571425,68.67424999999999,342,1499.658
0,7475,8525,0,0,0,0,0.8162560000000012,0.18643400000000002,0.0,0.0,151.42217857142853,33.193611111111125,342,1499.658
0,8000,8000,0,0,0,229,0.9438899999999987,0.3569013333333335,0.0,4.328,177.392875,63.313,342,1499.658
0,8000,8000,0,0,0,486,0.9197626666666673,0.3936759999999999,0.0,8.122,172.893125,69.591125,342,1499.658
0,8000,8000,0,0,0,479,0.8613299999999994,0.39303133333333345,0.0,8.159,164.48925,69.6245,342,1499.658
0,8000,8000,0,0,0,538,0.8037506666666674,0.3966733333333334,0.0,8.445,151.18575,69.678125,342,1499.658
0,8000,8000,0,0,0,531,0.786403333333333,0.3963226666666665,0.0,8.04,147.937375,69.587375,342,1499.658
0,8000,8000,0,0,0,540,0.790219333333332,0.39606066666666656,0.0,8.235,147.64025,69.66275,342,1499.658
0,7589,8411,107,0,0,307,0.8546913333333316,0.36085266666666677,0.0,4.816,161.08121428571445,63.642805555555555,342,1499.658
0,7898,8102,211,0,0,115,0.9804133333333346,0.26359399999999994,0.0,0.894,192.5899206349207,46.77240674603174,342,1499.658
0,8978,7022,0,0,0,1476,0.6071133333333341,0.3956526666666665,0.0,8.49,112.40030555555575,69.92723214285719,342,1499.658
0,7810,8190,0,0,0,378,0.25311399999999945,0.38622799999999996,0.0,6.519,48.317696428571416,68.52523611111113,342,1499.658
0,7200,8800,0,0,0,0,0.6792046666666666,0.17244733333333379,0.0,0.0,127.70691071428577,30.343088888888868,342,1499.658
0,8000,8000,0,0,0,21,0.840175333333334,0.2682319999999996,0.0,0.771,158.6695,47.8515,342,1499.658
0,8000,8000,0,0,0,560,0.8794573333333333,0.39771799999999974,0.0,8.342,163.712625,69.70925,342,1499.658
0,8000,8000,0,0,0,495,0.8349846666666663,0.39507266666666635,0.0,8.287,158.300875,69.678375,342,1499.658
0,8000,8000,0,0,0,597,0.821,0.39871133333333325,0.0,8.207,154.56225,69.67025,342,1499.658
0,8000,8000,0,0,0,491,0.8241746666666663,0.3949086666666669,0.0,8.168,152.505375,69.656,342,1499.658
0,8000,8000,0,0,0,358,0.907692000000001,0.38747733333333373,0.0,7.815,168.043875,69.518625,342,1499.658
0,8000,8000,27,0,0,503,0.9751073333333349,0.3929599999999995,0.0,7.362,181.15625,69.419875,342,1499.658
0,8000,8000,0,0,0,513,0.9683246666666677,0.3961319999999998,0.0,8.302,181.69725,69.646,342,1499.658
0,8000,8000,0,0,0,375,0.9537753333333329,0.38676733333333324,0.0,6.875,180.04975,69.267125,342,1499.658
0,8000,8000,0,0,0,588,0.9162866666666664,0.3985633333333329,0.0,8.076,173.534625,69.624125,342,1499.658
0,8000,8000,0,0,0,381,0.9041446666666687,0.38904999999999956,0.0,7.712,169.12925,69.496,342,1499.658
0,8000,8000,0,0,0,606,0.8587226666666684,0.3991886666666664,0.0,8.515,163.673875,69.726,342,1499.658
0,8000,8000,0,0,0,589,0.866488666666667,0.3984986666666667,0.0,8.281,159.849375,69.651875,342,1499.658
0,8000,8000,0,0,0,612,0.8530479999999987,0.4011293333333339,0.0,8.295,162.5135,69.671625,342,1499.658
0,8000,8000,0,0,0,562,0.8489413333333324,0.3981086666666668,0.0,8.39,157.006125,69.6805,342,1499.658
0,8000,8000,0,0,0,601,0.8855579999999998,0.39965999999999996,0.0,8.268,166.65625,69.667,342,1499.658
0,7417,8583,366,0,0,229,0.9291899999999957,0.32631266666666614,0.0,3.667,182.00489285714258,57.70618055555559,342,1499.658
0,7000,8779,1099,0,0,0,0.9947113333333268,0.03541866666666686,0.0,0.0,213.13585714285628,6.371033730158744,342,1499.658
0,6813,8565,1129,0,0,0,0.9948846666666574,0.0018246666666666689,0.0,0.0,219.24145238095213,0.3056996031746033,342,1499.658
0,6625,8510,1225,0,0,0,0.9951406666666589,0.0013980000000000017,0.0,0.0,225.94776190476145,0.23347738095238132,342,1499.658
0,6573,8542,1499,0,0,0,0.9952059999999865,0.001276000000000001,0.0,0.0,225.393,0.2123742063492064,342,1499.658
0,7000,8493,1134,0,0,0,0.9947579999999928,0.002053333333333335,0.0,0.0,215.03885714285607,0.3444535714285715,342,1499.658
0,7000,8576,1070,0,0,0,0.99465666666666,0.001935333333333334,0.0,0.0,213.1539999999987,0.3254452380952381,342,1499.658
0,7900,8083,261,0,0,0,0.9740873333333318,0.10588466666666661,0.0,0.0,191.98583134920634,19.09712698412698,342,1499.658
0,8759,7241,0,0,0,1096,0.552614666666666,0.38923266666666667,0.0,7.403,103.87388888888883,68.54883928571428,342,1499.658
0,8000,8000,0,0,0,472,0.38594333333333347,0.39317866666666695,0.0,8.213,71.918625,69.636,342,1499.658
0,8000,8000,0,0,0,577,0.38741133333333305,0.3995279999999996,0.0,8.293,73.0055,69.695125,342,1499.658
0,7603,8397,0,0,0,322,0.4020013333333336,0.3619919999999999,0.0,5.038,75.89523214285713,64.08237499999994,342,1499.658
0,7574,8426,0,0,0,0,0.8298013333333316,0.15895866666666664,0.0,0.0,154.70973214285718,28.285550000000008,342,1499.658
0,8000,8000,0,0,0,220,0.9380113333333328,0.35495333333333345,0.0,3.702,175.011375,63.122375,342,1499.658
0,8000,8000,0,0,0,398,0.908989333333332,0.3889566666666662,0.0,7.807,171.481375,69.51975,342,1499.658
0,8000,8000,0,0,0,416,0.9008193333333345,0.3907373333333334,0.0,7.697,169.07275,69.52525,342,1499.658
0,8000,8000,0,0,0,487,0.9087366666666661,0.3943673333333335,0.0,8.177,169.116375,69.613625,342,1499.658
0,8399,7601,0,0,0,847,0.908040666666666,0.3933746666666659,0.0,8.245,168.77562499999996,69.72819642857152,342,1499.658
0,8336,7664,0,0,0,844,0.6046859999999988,0.3954986666666669,0.0,8.246,111.39493055555556,69.71091071428572,342,1499.658
0,8000,8000,0,0,0,538,0.5943313333333337,0.39581266666666676,0.0,7.856,111.12925,69.56425,342,1499.658
0,8000,8000,0,0,0,519,0.5575366666666666,0.3945459999999997,0.0,8.353,105.8485,69.679875,342,1499.658
0,8000,8000,0,0,0,399,0.5367013333333339,0.3905366666666665,0.0,8.076,100.634,69.59075,342,1499.658
0,8000,8000,0,0,0,584,0.5259460000000001,0.39877266666666633,0.0,8.235,98.88625,69.643125,342,1499.658
0,7228,8772,114,0,0,5,0.8536053333333349,0.18770133333333347,0.0,0.366,162.44330238095228,33.41494038461539,342,1499.658
0,7376,8624,613,0,0,0,0.9913366666666698,0.0976926666666666,0.0,0.0,199.83460476190484,17.22963863636364,342,1499.658
0,7513,8487,468,0,0,0,0.9886500000000026,0.09159466666666652,0.0,0.0,198.00341428571429,16.144615404040408,342,1499.658
0,7748,8252,190,0,0,0,0.9831693333333347,0.12717466666666669,0.0,0.0,192.15592142857147,22.472365404040406,342,1499.658
0,8000,8000,0,0,0,240,0.9508406666666663,0.3551120000000002,0.0,3.984,178.77725,63.029625,342,1499.658
0,8000,8000,0,0,0,577,0.9479073333333315,0.39992533333333324,0.0,8.383,177.269375,69.701875,342,1499.658
0,8792,7208,0,0,0,1303,0.7461986666666681,0.3964386666666668,0.0,8.377,139.72311111111128,69.83937499999999,342,1499.658
0,8183,7817,0,0,0,749,0.388561333333334,0.3985826666666658,0.0,8.488,71.80902777777779,69.73944642857143,342,1499.658
0,7774,8226,0,0,0,399,0.39611666666666673,0.38709533333333246,0.0,6.379,74.49714285714292,68.01298611111109,342,1499.658
0,7257,8743,123,0,0,0,0.8496420000000031,0.2163146666666666,0.0,0.0,160.98758928571425,37.99288888888889,342,1499.658
0,8739,7261,0,0,0,916,0.7889233333333329,0.3492986666666662,0.0,5.314,148.6733194444443,61.83033928571422,342,1499.658
0,7852,8148,0,0,0,443,0.396213333333334,0.3699273333333326,0.0,5.536,74.29949801587303,65.84785714285714,342,1499.658
0,7387,8613,0,0,0,0,0.829203333333333,0.16462066666666683,0.0,0.0,157.1015357142857,29.25141666666668,342,1499.658
0,8000,8000,0,0,0,97,0.9236573333333342,0.3125213333333332,0.0,2.634,174.044875,55.7405,342,1499.658
0,8000,8000,0,0,0,576,0.9053486666666669,0.398278,0.0,8.445,168.057375,69.705875,342,1499.658
0,7697,8303,261,0,0,313,0.9692046666666632,0.3713953333333328,0.0,5.829,185.38275000000002,66.05730555555557,342,1499.658
0,7000,8924,1059,0,0,0,0.9947293333333277,0.11442133333333332,0.0,0.0,213.15928571428458,20.134924603174618,342,1499.658
0,7000,8552,1192,0,0,0,0.9948459999999917,0.0020679999999999987,0.0,0.0,213.17557142857024,0.346987301587302,342,1499.658
0,7000,8506,882,0,0,0,0.9943786666666622,0.0017553333333333342,0.0,0.0,213.1025714285703,0.29532817460317434,342,1499.658
0,7000,8555,942,0,0,0,0.99457866666666,0.0025946666666666588,0.0,0.0,213.11099999999877,0.43537539682539667,342,1499.658
0,7000,8480,1030,0,0,0,0.9945453333333261,0.0018306666666666686,0.0,0.0,213.11799999999923,0.3077043650793651,342,1499.658
0,7350,8303,666,0,0,0,0.990029333333334,0.01436266666666668,0.0,0.0,206.0875892857138,2.5751607142857145,342,1499.658
0,7475,8525,600,0,0,0,0.9895813333333346,0.09640533333333315,0.0,0.0,198.77078571428498,16.853027777777775,342,1499.658
0,8000,8000,127,0,0,0,0.9845953333333369,0.22798866666666656,0.0,0.1,184.518625,40.43925,342,1499.658
0,8000,8000,36,0,0,431,0.9772146666666657,0.39121600000000056,0.0,7.605,183.381,69.488375,342,1499.658
0,8000,8000,0,0,0,607,0.9592620000000001,0.4005140000000001,0.0,8.501,180.16825,69.72025,342,1499.658
0,7948,8052,61,0,0,519,0.9767786666666669,0.396114,0.0,7.361,184.69907142857141,69.35645833333334,342,1499.658
0,8000,8000,45,0,0,495,0.9824666666666666,0.39337800000000017,0.0,7.718,183.628875,69.452125,342,1499.658
0,8000,8000,0,0,0,511,0.9523953333333325,0.39545933333333316,0.0,8.092,180.718375,69.609875,342,1499.658
0,8000,8000,0,0,0,464,0.9005873333333336,0.3933346666666681,0.0,8.243,170.3445,69.66875,342,1499.658
0,8000,8000,0,0,0,548,0.8653760000000006,0.3970920000000003,0.0,8.221,162.337875,69.682,342,1499.658
0,8000,8000,0,0,0,426,0.8859173333333332,0.3912819999999999,0.0,8.049,165.83675,69.564375,342,1499.658
0,8000,8000,0,0,0,485,0.855284666666667,0.3937220000000001,0.0,8.308,160.33775,69.6655,342,1499.658
0,7354,8646,554,0,0,159,0.9550286666666602,0.33449133333333386,0.0,3.086,189.02451785714237,58.84327777777783,342,1499.658
0,7991,8009,254,0,0,246,0.9585666666666657,0.27467066666666623,0.0,1.481,190.0864781746032,48.62083928571429,342,1499.658
0,8357,7643,0,0,0,1002,0.5186660000000006,0.38171666666666715,0.0,6.172,97.72296230158739,67.24778769841272,342,1499.658
0,7429,8571,9,0,0,0,0.834861333333333,0.24046466666666647,0.0,0.0,154.0897142857142,42.07529166666666,342,1499.658
0,8000,8000,19,0,0,360,0.9749493333333343,0.3824260000000004,0.0,6.008,183.28725,67.75025,342,1499.658
0,8432,7568,0,0,0,903,0.8715966666666656,0.39399333333333364,0.0,7.788,163.61080555555577,69.63078571428574,342,1499.658
0,8000,8000,0,0,0,470,0.6999066666666669,0.3934439999999996,0.0,8.307,129.9635,69.652625,342,1499.658
0,7904,8096,0,0,0,350,0.7558159999999997,0.38752133333333366,0.0,6.71,140.19653571428572,69.20056944444435,342,1499.658
0,7433,8567,400,0,0,0,0.9676306666666673,0.2645693333333336,0.0,0.0,192.5156428571424,46.546555555555564,342,1499.658
0,8000,8000,0,0,0,405,0.9343133333333338,0.3889846666666666,0.0,6.692,175.477375,68.78625,342,1499.658
0,8000,8000,19,0,0,466,0.9634480000000019,0.3932239999999995,0.0,7.982,178.696875,69.5945,342,1499.658
0,8000,8000,0,0,0,566,0.9070060000000002,0.39769400000000027,0.0,8.137,173.23125,69.623125,342,1499.658
0,8000,8000,0,0,0,448,0.9047606666666662,0.39156733333333327,0.0,8.165,168.508875,69.5995,342,1499.658
0,8000,8000,0,0,0,532,0.9342613333333312,0.39646399999999987,0.0,8.187,175.398,69.64625,342,1499.658
0,8000,8000,0,0,0,472,0.9429173333333333,0.3928866666666667,0.0,7.861,174.812125,69.509375,342,1499.658
0,8000,8000,13,0,0,498,0.9590293333333337,0.39511933333333304,0.0,7.95,181.467625,69.57675,342,1499.658
0,8000,8000,0,0,0,614,0.9385640000000008,0.39992,0.0,8.438,176.59925,69.728625,342,1499.658
0,7803,8197,0,0,0,384,0.9101159999999978,0.38844866666666616,0.0,6.591,172.2418750000001,68.51968055555552,342,1499.658
0,7335,8665,687,0,0,0,0.9912193333333357,0.2310166666666672,0.0,0.0,203.69801785714236,40.70800000000004,342,1499.658
0,8214,7786,0,0,0,497,0.9378573333333343,0.3602260000000003,0.0,4.699,177.08009722222218,63.51494642857142,342,1499.658
0,8952,7048,0,0,0,1386,0.4661146666666669,0.3942699999999996,0.0,8.434,87.25908333333346,69.91699999999999,342,1499.658
0,8000,8000,0,0,0,558,0.14197866666666656,0.39644666666666695,0.0,8.386,26.85475,69.6795,342,1499.658
0,8000,8000,0,0,0,363,0.1429086666666664,0.38754133333333357,0.0,7.399,26.682875,69.43075,342,1499.658
0,8000,8000,0,0,0,405,0.1701893333333338,0.390331333333333,0.0,8.022,31.596,69.56525,342,1499.658
0,8000,8000,0,0,0,519,0.23605333333333328,0.39571933333333315,0.0,7.987,43.611625,69.604625,342,1499.658
0,8000,8000,0,0,0,482,0.3053593333333333,0.39287866666666665,0.0,7.849,56.142625,69.5235,342,1499.658
0,8008,7992,0,0,0,449,0.3524793333333333,0.3916913333333339,0.0,7.735,66.33806944444443,69.52201785714287,342,1499.658
0,8271,7729,0,0,0,806,0.2532066666666669,0.3968966666666669,0.0,8.476,46.47998611111111,69.78532142857142,342,1499.658
0,8000,8000,0,0,0,491,0.2733426666666666,0.39441799999999977,0.0,8.204,51.470875,69.617375,342,1499.658
0,8000,8000,0,0,0,403,0.25828799999999985,0.3902060000000003,0.0,7.914,48.261125,69.5495,342,1499.658
0,8138,7862,0,0,0,505,0.24360933333333334,0.38601199999999986,0.0,7.199,45.79172222222223,69.4065892857143,342,1499.658
0,8000,8000,0,0,0,368,0.1672553333333331,0.3885720000000003,0.0,7.18,31.57525,69.318375,342,1499.658
0,8000,8000,0,0,0,585,0.11395999999999978,0.3980646666666668,0.0,8.071,21.47175,69.620875,342,1499.658
0,8000,8000,0,0,0,516,0.09062600000000001,0.39425000000000043,0.0,8.116,17.096125,69.66,342,1499.658
0,8000,8000,0,0,0,453,0.05383799999999991,0.393196,0.0,7.971,10.134375,69.532625,342,1499.658
0,8000,8000,0,0,0,507,0.08478200000000008,0.39482399999999973,0.0,8.038,15.839125,69.614125,342,1499.658
0,8000,8000,0,0,0,497,0.10280866666666663,0.39479866666666663,0.0,7.94,19.224,69.541625,342,1499.658
0,8000,8000,0,0,0,488,0.11361666666666657,0.3930359999999997,0.0,8.051,21.27425,69.5875,342,1499.658
0,8000,8000,0,0,0,463,0.1424473333333333,0.3925933333333335,0.0,8.055,26.284875,69.611875,342,1499.658
0,8000,8000,0,0,0,500,0.20265133333333335,0.3948453333333337,0.0,8.145,38.156,69.619375,342,1499.658
0,8050,7950,0,0,0,674,0.08603266666666687,0.40101466666666696,0.0,8.417,16.221166666666665,69.73575,342,1499.658
0,8062,7938,0,0,0,451,0.045749333333333315,0.38856266666666694,0.0,7.979,8.689847222222223,69.56823214285713,342,1499.658
0,7972,8000,0,0,0,522,0.02085733333333328,0.39609733333333286,0.0,8.243,3.899785714285714,69.66975,342,1499.658
0,7974,8000,0,0,0,430,0.015226666666666687,0.3914220000000008,0.0,8.057,2.8676011904761904,69.54225,342,1499.658
0,7925,7999,0,0,0,598,0.0117286666666667,0.3992879999999998,0.0,8.502,2.199924206349207,69.73955357142857,342,1499.658
0,7993,8000,0,0,0,491,0.05500800000000012,0.39512066666666695,0.0,8.384,10.23325,69.7215,342,1499.658
0,8000,8000,0,0,0,546,0.06560733333333334,0.3979759999999996,0.0,8.382,12.357125,69.687375,342,1499.658
0,7968,7980,0,0,0,515,0.02038533333333338,0.39345999999999987,0.0,8.075,3.825110317460317,69.59769642857144,342,1499.658
0,7941,8000,0,0,0,506,0.012047999999999998,0.3943246666666663,0.0,8.03,2.2546214285714288,69.5835,342,1499.658
0,7967,8000,0,0,0,624,0.01960733333333332,0.4014713333333327,0.0,8.507,3.6817023809523812,69.74425,342,1499.658
0,7962,7995,0,0,0,574,0.013991333333333328,0.399302,0.0,8.528,2.6205773809523807,69.75414285714285,342,1499.658
0,7905,7994,0,0,0,471,0.013598666666666655,0.3919799999999999,0.0,8.185,2.5421345238095236,69.6445,342,1499.658
0,8002,7998,0,0,0,489,0.04429,0.39444133333333337,0.0,7.709,8.260541666666668,69.47226785714285,342,1499.658
0,7220,8780,0,0,0,115,0.2929093333333332,0.3163999999999996,0.0,1.763,54.41224999999998,55.40073611111107,342,1499.658
0,7512,8488,0,0,0,0,0.8863966666666652,0.1379893333333334,0.0,0.0,166.31573214285712,24.171847222222205,342,1499.658
0,7310,8690,678,0,0,0,0.9839626666666617,0.2250526666666671,0.0,0.0,198.63580357142766,40.11972222222222,342,1499.658
0,7973,8027,72,0,0,0,0.9729413333333334,0.19344400000000028,0.0,0.0,186.6002142857143,34.38798611111111,342,1499.658
0,8000,8000,49,0,0,474,0.9798013333333356,0.39433399999999985,0.0,7.551,183.145875,69.12125,342,1499.658
0,8000,8000,0,0,0,430,0.9707839999999992,0.39098999999999906,0.0,8.192,182.23525,69.622625,342,1499.658
0,8000,8000,0,0,0,536,0.9468286666666668,0.3965246666666666,0.0,7.879,179.715125,69.5245,342,1499.658
0,8000,8000,0,0,0,562,0.9097220000000004,0.3968273333333327,0.0,8.184,171.309,69.649,342,1499.658
0,8000,8000,0,0,0,486,0.8452286666666662,0.392244666666667,0.0,7.463,159.6475,69.429625,342,1499.658
0,8667,7333,0,0,0,1066,0.7203080000000014,0.3913166666666667,0.0,8.136,133.98255555555568,69.75275000000006,342,1499.658
0,8547,7000,0,0,0,1446,0.143803333333333,0.3947766666666666,0.0,8.446,27.102815873015825,69.91871428571429,342,1499.658
0,7971,7000,0,0,0,1528,0.0007273333333333341,0.3958113333333338,0.0,8.516,0.12495277777777801,69.91842857142866,342,1499.658
0,7832,7538,0,0,0,896,0.02150933333333333,0.38461866666666666,0.0,7.087,3.942992857142857,68.99782936507937,342,1499.658
0,7000,9000,0,0,0,0,0.5027853333333336,0.16700999999999996,0.0,0.0,94.88071428571442,29.363666666666642,342,1499.658
0,7562,8292,220,0,0,0,0.9744373333333398,0.05009599999999994,0.0,0.0,187.7111607142857,9.031553174603173,342,1499.658
0,8000,8000,26,0,0,62,0.9716906666666666,0.28190000000000026,0.0,1.175,183.482375,50.0835,342,1499.658
0,8000,8000,0,0,0,377,0.941396666666668,0.3891213333333335,0.0,7.972,176.987,69.5245,342,1499.658
0,8000,8000,0,0,0,500,0.9408459999999994,0.3943300000000007,0.0,8.097,176.51325,69.5995,342,1499.658
0,8000,8000,0,0,0,457,0.9062240000000013,0.39170666666666604,0.0,7.961,170.4925,69.547875,342,1499.658
0,8000,8000,0,0,0,530,0.8989113333333327,0.39519133333333345,0.0,7.888,169.29175,69.557625,342,1499.658
0,8000,8000,0,0,0,552,0.889677333333334,0.39892800000000017,0.0,8.403,166.056375,69.66625,342,1499.658
0,8262,7738,0,0,0,754,0.8900553333333348,0.39335200000000015,0.0,8.179,166.4549861111111,69.68764285714286,342,1499.658
0,8731,7269,0,0,0,1229,0.4038906666666667,0.39595466666666684,0.0,8.12,76.67727777777775,69.77921428571429,342,1499.658
0,8000,8000,0,0,0,442,0.17899466666666705,0.3910273333333336,0.0,7.961,33.464875,69.594125,342,1499.658
0,8000,8000,0,0,0,531,0.19650000000000042,0.39645533333333355,0.0,8.361,36.912875,69.689375,342,1499.658
0,8000,8000,0,0,0,450,0.229356,0.39282800000000007,0.0,8.276,42.200125,69.631,342,1499.658
0,8000,8000,0,0,0,482,0.3080759999999998,0.3931166666666667,0.0,7.998,57.464625,69.594375,342,1499.658
0,8000,8000,0,0,0,485,0.3192146666666665,0.39444133333333364,0.0,8.204,59.633375,69.645125,342,1499.658
0,8000,8000,0,0,0,508,0.36332666666666763,0.3951520000000003,0.0,8.302,67.103625,69.6435,342,1499.658
0,8000,8000,0,0,0,486,0.41237399999999946,0.39405133333333314,0.0,8.23,76.886,69.653375,342,1499.658
0,8000,8000,0,0,0,512,0.4224153333333333,0.3959986666666669,0.0,8.308,79.736,69.66875,342,1499.658
0,8000,8000,0,0,0,472,0.3991113333333336,0.3922426666666673,0.0,7.928,74.945,69.562625,342,1499.658
0,8000,8000,0,0,0,564,0.39606800000000036,0.3989646666666664,0.0,8.392,74.074125,69.692875,342,1499.658
0,8000,8000,0,0,0,571,0.38488733333333347,0.39875933333333274,0.0,8.468,72.745875,69.726875,342,1499.658
0,8000,8000,0,0,0,649,0.3616160000000004,0.4014006666666666,0.0,8.491,67.3015,69.722,342,1499.658
0,8000,8000,0,0,0,431,0.44451400000000013,0.39008866666666675,0.0,7.58,82.388,69.426,342,1499.658
0,8000,8000,0,0,0,554,0.46642933333333303,0.39810133333333303,0.0,8.368,87.15975,69.714125,342,1499.658
0,8000,8000,0,0,0,509,0.4336673333333334,0.3948473333333334,0.0,8.265,82.68025,69.65775,342,1499.658
0,8000,8000,0,0,0,561,0.3934126666666661,0.3980619999999999,0.0,8.408,73.161875,69.696875,342,1499.658
0,8000,8000,0,0,0,518,0.42358333333333326,0.39666066666666655,0.0,8.441,79.3635,69.720875,342,1499.658
0,8000,8000,0,0,0,598,0.4559919999999997,0.399592666666667,0.0,8.479,85.195875,69.71225,342,1499.658
0,8000,8000,0,0,0,518,0.4349906666666669,0.39581133333333346,0.0,8.261,82.04825,69.63175,342,1499.658
0,8000,8000,0,0,0,550,0.3865633333333339,0.3961386666666659,0.0,8.298,72.747875,69.67125,342,1499.658
0,8000,8000,0,0,0,448,0.44555600000000056,0.3921866666666667,0.0,8.029,82.563,69.587375,342,1499.658
0,8000,8000,0,0,0,481,0.46700933333333383,0.39315400000000017,0.0,8.071,87.874375,69.620375,342,1499.658
0,8000,8000,0,0,0,432,0.4753926666666664,0.39217333333333315,0.0,7.682,89.46875,69.46125,342,1499.658
0,8000,8000,0,0,0,527,0.4466839999999999,0.3946873333333339,0.0,8.338,83.15725,69.69775,342,1499.658
0,8000,8000,0,0,0,517,0.4462180000000002,0.3962373333333326,0.0,7.904,83.822125,69.56975,342,1499.658
0,8000,8000,0,0,0,539,0.47011066666666645,0.39730199999999977,0.0,8.385,87.33975,69.67875,342,1499.658
0,8000,8000,0,0,0,515,0.5140953333333325,0.39493733333333336,0.0,8.117,95.516125,69.598125,342,1499.658
0,8000,8000,0,0,0,545,0.5274313333333341,0.3965086666666667,0.0,8.345,99.762125,69.6875,342,1499.658
0,8000,8000,0,0,0,438,0.5379586666666667,0.39169466666666697,0.0,7.863,99.496875,69.541375,342,1499.658
0,8044,7956,0,0,0,552,0.5559080000000002,0.39474933333333334,0.0,8.286,104.91897222222221,69.65669642857145,342,1499.658
0,8244,7756,0,0,0,762,0.3827960000000005,0.3965726666666666,0.0,8.417,71.89429166666667,69.75916071428573,342,1499.658
0,8000,8000,0,0,0,559,0.3070106666666662,0.3983806666666667,0.0,8.302,57.987875,69.6575,342,1499.658
0,8000,8000,0,0,0,517,0.28591466666666704,0.39433133333333276,0.0,8.305,54.159375,69.6705,342,1499.658
0,8001,7999,0,0,0,448,0.24254333333333283,0.3916073333333336,0.0,7.457,45.667180555555554,69.4385,342,1499.658
0,8000,8000,0,0,0,473,0.24978266666666704,0.3934359999999994,0.0,8.024,46.38025,69.582625,342,1499.658
0,8000,8000,0,0,0,492,0.31766266666666615,0.3931660000000002,0.0,7.915,58.694375,69.545375,342,1499.658
0,8000,8000,0,0,0,454,0.3111826666666662,0.39230066666666635,0.0,7.496,59.001,69.43675,342,1499.658
0,8000,8000,0,0,0,583,0.2637780000000002,0.3984759999999994,0.0,8.288,49.899375,69.65875,342,1499.658
0,8000,8000,0,0,0,563,0.22362933333333354,0.39815266666666654,0.0,8.255,42.21275,69.689375,342,1499.658
0,8000,8000,0,0,0,364,0.18413466666666692,0.3886586666666666,0.0,7.636,34.671375,69.50175,342,1499.658
0,8000,8000,0,0,0,539,0.17249533333333342,0.3958026666666664,0.0,8.138,32.54375,69.643125,342,1499.658
0,8000,8000,0,0,0,488,0.19015666666666703,0.3935540000000001,0.0,8.251,35.3785,69.62725,342,1499.658
0,8000,8000,0,0,0,582,0.19710399999999975,0.39920000000000005,0.0,8.465,36.893125,69.6735,342,1499.658
0,8001,7999,0,0,0,523,0.20028933333333362,0.39481533333333346,0.0,7.653,37.759569444444445,69.49696428571428,342,1499.658
0,7279,8721,0,0,0,94,0.3391386666666665,0.32016666666666616,0.0,2.552,63.75875000000001,56.67972222222217,342,1499.658
0,7000,8693,537,0,0,0,0.9114026666666615,0.028678000000000075,0.0,0.0,180.93385714285688,5.141231349206355,342,1499.658
0,7000,8558,953,0,0,0,0.99472266666666,0.002279333333333329,0.0,0.0,213.14185714285605,0.38257896825396753,342,1499.658
0,7000,8382,961,0,0,0,0.9946519999999944,0.0012053333333333339,0.0,0.0,213.14799999999897,0.20485793650793738,342,1499.658
0,7000,8497,1017,0,0,0,0.9947653333333276,0.0020879999999999996,0.0,0.0,213.15599999999898,0.3506075396825397,342,1499.658
0,7000,8520,1017,0,0,0,0.9946273333333281,0.0018600000000000003,0.0,0.0,213.1602857142847,0.3123702380952386,342,1499.658
0,7000,8710,1054,0,0,0,0.9947333333333253,0.003953333333333326,0.0,0.0,213.13657142857022,0.6605134920634911,342,1499.658
0,7828,8059,178,0,0,0,0.9502106666666668,0.11173933333333337,0.0,0.0,188.59976785714284,19.72959285714286,342,1499.658
0,7622,8378,228,0,0,112,0.9079126666666638,0.33430466666666636,0.0,2.469,173.2149821428571,59.49099999999998,342,1499.658
0,7410,8590,704,0,0,0,0.9868613333333349,0.11184133333333321,0.0,0.0,204.24566071428526,19.826152777777768,342,1499.658
0,8000,8000,0,0,0,0,0.9029553333333343,0.26960466666666677,0.0,0.232,172.32825,48.368125,342,1499.658
0,8000,8000,0,0,0,559,0.8498959999999997,0.3974653333333336,0.0,8.332,160.1165,69.67675,342,1499.658
0,8000,8000,0,0,0,604,0.861394,0.3999273333333325,0.0,8.531,161.233875,69.73725,342,1499.658
0,8000,8000,0,0,0,474,0.8563659999999994,0.39437466666666626,0.0,8.323,159.958875,69.631875,342,1499.658
0,8000,8000,0,0,0,605,0.8992906666666655,0.39868599999999954,0.0,8.484,167.115,69.719,342,1499.658
0,8000,8000,0,0,0,355,0.9240613333333311,0.38807066666666684,0.0,7.834,172.95725,69.497125,342,1499.658
0,8000,8000,0,0,0,585,0.9044753333333329,0.3994353333333339,0.0,8.455,170.2425,69.7335,342,1499.658
0,8000,8000,0,0,0,588,0.8828759999999999,0.3998213333333335,0.0,8.33,166.64825,69.692,342,1499.658
0,8000,8000,0,0,0,529,0.8200379999999993,0.3943353333333337,0.0,7.897,156.2425,69.5335,342,1499.658
0,8000,8000,0,0,0,571,0.7766900000000013,0.39853733333333335,0.0,8.265,146.401,69.67375,342,1499.658
0,8000,8000,0,0,0,463,0.7389806666666676,0.3928973333333334,0.0,7.827,139.20075,69.54525,342,1499.658
0,8000,8000,0,0,0,496,0.8001053333333321,0.39275066666666625,0.0,8.272,147.4265,69.6625,342,1499.658
0,8000,8000,0,0,0,425,0.840589999999999,0.3909266666666669,0.0,7.081,157.7415,69.3615,342,1499.658
0,8000,8000,0,0,0,486,0.8512066666666648,0.3942233333333331,0.0,8.183,159.288,69.6055,342,1499.658
0,8000,8000,0,0,0,486,0.8017966666666655,0.39393333333333264,0.0,8.191,151.783875,69.61775,342,1499.658
0,8000,8000,0,0,0,512,0.7861726666666664,0.3944146666666666,0.0,8.089,147.670375,69.63375,342,1499.658
0,8000,8000,0,0,0,526,0.7623553333333346,0.3960166666666666,0.0,8.035,143.921625,69.604125,342,1499.658
0,7379,8621,211,0,0,215,0.8527213333333299,0.3434219999999997,0.0,3.363,163.56482142857115,59.916569444444335,342,1499.658
0,7911,8089,86,0,0,152,0.9633940000000001,0.3186486666666665,0.0,2.749,186.8145357142857,56.38968055555556,342,1499.658
0,8000,8000,17,0,0,400,0.9736400000000004,0.3903166666666669,0.0,8.119,182.3175,69.57325,342,1499.658
0,8000,8000,0,0,0,439,0.9734659999999992,0.3907106666666659,0.0,7.816,181.71275,69.53375,342,1499.658
0,8000,8000,113,0,0,566,0.9841793333333377,0.3981506666666667,0.0,8.431,184.375875,69.691875,342,1499.658
0,8090,7910,42,0,0,561,0.969610666666671,0.39297466666666653,0.0,7.975,182.08565277777774,69.5912321428572,342,1499.658
0,9000,7000,0,0,0,1511,0.6549746666666671,0.3977206666666667,0.0,8.515,120.90644444444442,69.91214285714285,342,1499.658
0,8097,7903,0,0,0,659,0.21555400000000022,0.39755466666666667,0.0,8.359,40.83398611111111,69.72157142857142,342,1499.658
0,8000,8000,0,0,0,416,0.15462333333333333,0.3900093333333324,0.0,8.241,29.183,69.637875,342,1499.658
0,8000,8000,0,0,0,411,0.17896133333333358,0.3910993333333327,0.0,7.795,33.353,69.53625,342,1499.658
0,8000,8000,0,0,0,466,0.15353733333333344,0.3925580000000001,0.0,7.899,29.019125,69.57175,342,1499.658
0,8000,8000,0,0,0,531,0.19366266666666657,0.39707533333333345,0.0,8.424,35.709375,69.6985,342,1499.658
0,8000,8000,0,0,0,554,0.22892533333333318,0.39696133333333294,0.0,8.245,43.104,69.6545,342,1499.658
0,8000,8000,0,0,0,486,0.20043066666666717,0.3924920000000001,0.0,8.014,37.738875,69.578375,342,1499.658
0,8000,8000,0,0,0,498,0.1969619999999994,0.3955766666666668,0.0,7.858,36.804375,69.555375,342,1499.658
0,8000,8000,0,0,0,407,0.24088266666666672,0.3895653333333331,0.0,7.894,44.81225,69.53225,342,1499.658
0,8000,8000,0,0,0,445,0.2681880000000006,0.3917159999999995,0.0,7.843,49.648875,69.549875,342,1499.658
0,8000,8000,0,0,0,427,0.29815000000000036,0.3905873333333331,0.0,7.592,56.049125,69.457625,342,1499.658
0,8000,8000,0,0,0,507,0.3230820000000003,0.39511600000000013,0.0,7.793,60.524375,69.530875,342,1499.658
0,8000,8000,0,0,0,585,0.34427666666666656,0.3988866666666659,0.0,8.294,64.043625,69.68875,342,1499.658
0,8000,8000,0,0,0,396,0.342398,0.3867306666666667,0.0,7.404,64.25175,69.415375,342,1499.658
0,8000,8000,0,0,0,433,0.3908060000000003,0.3909926666666669,0.0,7.142,72.064125,69.345375,342,1499.658
0,8000,8000,0,0,0,449,0.4565600000000006,0.3933299999999995,0.0,8.134,84.72125,69.6185,342,1499.658
0,8000,8000,0,0,0,576,0.4911593333333337,0.397118,0.0,8.432,92.30775,69.715875,342,1499.658
0,8000,8000,0,0,0,569,0.46702066666666625,0.3987360000000001,0.0,8.241,87.5005,69.657875,342,1499.658
0,7052,8948,231,0,0,0,0.8071039999999969,0.25530533333333316,0.0,0.188,154.79551785714307,44.78925000000001,342,1499.658
0,8000,8000,49,0,0,122,0.9841806666666691,0.28451400000000043,0.0,1.965,186.1225,49.870875,342,1499.658
0,8000,8000,122,0,0,547,0.9783593333333334,0.3967633333333335,0.0,8.38,184.54875,69.681875,342,1499.658
0,8000,8000,0,0,0,419,0.9533033333333338,0.38961666666666667,0.0,7.537,180.4735,69.46,342,1499.658
0,8000,8000,0,0,0,388,0.8793266666666679,0.3898866666666667,0.0,7.607,165.8685,69.473,342,1499.658
0,8000,8000,0,0,0,457,0.8622339999999997,0.3908113333333338,0.0,8.122,162.148125,69.587375,342,1499.658
0,8124,7876,0,0,0,600,0.8456440000000015,0.39528200000000063,0.0,8.248,158.7710694444445,69.64896428571433,342,1499.658
0,8867,7133,0,0,0,1350,0.4501486666666663,0.3945279999999997,0.0,8.439,84.15650000000008,69.86855357142855,342,1499.658
0,8000,8000,0,0,0,525,0.18649266666666717,0.39609266666666604,0.0,8.341,34.794875,69.662,342,1499.658
0,8000,8000,0,0,0,554,0.19462733333333354,0.39864733333333324,0.0,8.309,36.49325,69.651875,342,1499.658
0,8000,8000,0,0,0,490,0.21469999999999956,0.3930433333333326,0.0,8.084,40.150125,69.619125,342,1499.658
0,8000,8000,0,0,0,429,0.21526533333333311,0.3915640000000005,0.0,8.08,40.2225,69.617375,342,1499.658
0,8000,8000,0,0,0,452,0.20037200000000022,0.39203666666666614,0.0,7.683,37.998625,69.528625,342,1499.658
0,7414,8586,0,0,0,175,0.2790440000000002,0.3170579999999997,0.0,3.36,52.86564285714287,56.66791666666665,342,1499.658
0,7494,8506,0,0,0,0,0.810590666666667,0.08563533333333344,0.0,0.0,151.89562500000005,15.05826388888889,342,1499.658
0,8000,8000,0,0,0,78,0.8922873333333331,0.26801266666666673,0.0,1.144,166.385375,47.4975,342,1499.658
0,8000,8000,0,0,0,377,0.9012780000000006,0.38986333333333395,0.0,7.774,169.297,69.496,342,1499.658
0,8000,8000,0,0,0,576,0.8820546666666662,0.3978599999999997,0.0,8.484,167.108375,69.73575,342,1499.658
0,8000,8000,0,0,0,512,0.9139866666666656,0.3952533333333339,0.0,8.141,168.08675,69.608875,342,1499.658
0,8000,8000,0,0,0,371,0.9408320000000008,0.38773533333333376,0.0,7.216,177.37775,69.373625,342,1499.658
0,8000,8000,0,0,0,540,0.8634033333333334,0.3968399999999998,0.0,8.408,163.566,69.71575,342,1499.658
0,8000,8000,0,0,0,489,0.8619373333333337,0.3941979999999995,0.0,7.986,161.761625,69.591875,342,1499.658
0,8000,8000,0,0,0,524,0.8558806666666646,0.3953273333333334,0.0,8.072,160.10275,69.635875,342,1499.658
0,8000,8000,0,0,0,409,0.8552139999999958,0.3908399999999993,0.0,7.903,161.461375,69.5315,342,1499.658
0,8603,7397,0,0,0,1288,0.7274093333333334,0.4030720000000001,0.0,8.656,135.86698611111117,69.88946428571438,342,1499.658
0,8816,7000,0,0,0,1442,0.1743686666666663,0.39430799999999977,0.0,8.432,32.1236706349206,69.92542857142864,342,1499.658
0,7928,7000,0,0,0,1394,0.0006806666666666673,0.39177333333333336,0.0,8.394,0.11731071428571468,69.92414285714284,342,1499.658
0,8011,7000,0,0,0,1520,0.0005686666666666665,0.3973599999999999,0.0,8.52,0.09834841269841293,69.92742857142856,342,1499.658
0,7984,7357,0,0,0,1267,0.007152666666666671,0.4016026666666668,0.0,8.553,1.3271261904761904,69.85542857142856,342,1499.658
0,7974,8000,0,0,0,443,0.019358666666666642,0.39240866666666663,0.0,8.01,3.6373392857142863,69.628375,342,1499.658
0,8000,8000,0,0,0,456,0.02876866666666667,0.39147933333333373,0.0,8.191,5.379875,69.618625,342,1499.658
0,7139,8841,0,0,0,52,0.22545333333333314,0.30755466666666603,0.0,1.534,42.8876940476191,53.88020833333327,342,1499.658
0,7000,8662,324,0,0,0,0.8411739999999952,0.03941866666666694,0.0,0.0,163.03299999999982,6.956371825396846,342,1499.658
0,7525,8188,508,0,0,0,0.9791186666666674,0.05392666666666661,0.0,0.0,199.8248749999997,9.44792142857143,342,1499.658
0,8000,8000,33,0,0,233,0.9598186666666654,0.342810666666667,0.0,3.773,181.13825,60.375625,342,1499.658
0,8000,8000,0,0,0,337,0.9111606666666682,0.3854019999999999,0.0,7.884,171.842,69.526125,342,1499.658
0,8000,8000,0,0,0,508,0.8623680000000001,0.3954953333333327,0.0,8.053,164.162125,69.591125,342,1499.658
0,8000,8000,0,0,0,463,0.8157046666666662,0.3936146666666666,0.0,8.101,153.411875,69.614,342,1499.658
0,8000,8000,0,0,0,519,0.8427813333333319,0.39632733333333336,0.0,8.339,155.55125,69.691125,342,1499.658
0,8796,7204,0,0,0,1227,0.6049653333333331,0.392823333333334,0.0,8.318,113.44372222222239,69.84825,342,1499.658
0,8000,8000,0,0,0,407,0.3925146666666674,0.3881180000000005,0.0,7.381,73.16575,69.409125,342,1499.658
0,8000,8000,0,0,0,565,0.3633893333333338,0.3983519999999998,0.0,8.458,68.61675,69.71125,342,1499.658
0,8000,8000,0,0,0,503,0.37094800000000067,0.39537866666666655,0.0,8.134,68.9645,69.636875,342,1499.658
0,8000,8000,0,0,0,508,0.3816853333333338,0.3950266666666658,0.0,8.208,71.755875,69.642125,342,1499.658
0,7391,8609,0,0,0,166,0.47301999999999966,0.3278819999999996,0.0,3.47,89.4725357142856,58.149416666666745,342,1499.658
0,7000,8809,670,0,0,0,0.951001999999995,0.050711333333333546,0.0,0.0,191.98428571428508,8.975373015873062,342,1499.658
0,7000,8353,979,0,0,0,0.9946566666666617,0.0015606666666666646,0.0,0.0,213.13771428571334,0.26302619047619114,342,1499.658
0,8491,7399,191,0,0,483,0.8725646666666651,0.21862733333333326,0.0,2.977,168.9631468253969,38.75109007936504,342,1499.658
0,8239,7761,0,0,0,768,0.45916400000000024,0.39677533333333376,0.0,8.222,85.9947638888889,69.67978571428573,342,1499.658
0,8000,8000,0,0,0,585,0.44651200000000013,0.39832199999999995,0.0,8.427,83.55,69.691625,342,1499.658
0,8000,8000,0,0,0,524,0.4582800000000001,0.39530200000000026,0.0,8.285,85.984125,69.652625,342,1499.658
0,8000,8000,0,0,0,555,0.47192133333333375,0.3983239999999999,0.0,8.309,87.5355,69.664125,342,1499.658
0,8000,8000,0,0,0,460,0.5260979999999998,0.39224399999999976,0.0,8.023,98.947875,69.607875,342,1499.658
0,8000,8000,0,0,0,610,0.5049539999999999,0.4006026666666672,0.0,8.502,95.243,69.7495,342,1499.658
0,8000,8000,0,0,0,464,0.4538753333333335,0.3929993333333333,0.0,8.209,85.513875,69.647375,342,1499.658
0,8000,8000,0,0,0,476,0.45026199999999994,0.3944753333333328,0.0,8.17,84.574375,69.625125,342,1499.658
0,8000,8000,0,0,0,508,0.4387506666666667,0.3946066666666667,0.0,8.38,81.886,69.68025,342,1499.658
0,8000,8000,0,0,0,484,0.4533026666666668,0.3941339999999994,0.0,8.231,84.82125,69.65925,342,1499.658
0,8000,8000,0,0,0,556,0.4526786666666667,0.39743999999999985,0.0,8.296,84.803375,69.668125,342,1499.658
0,8000,8000,0,0,0,441,0.49219999999999986,0.3923406666666671,0.0,7.934,91.431875,69.56725,342,1499.658
0,7274,8726,0,0,0,177,0.6477613333333331,0.2769800000000003,0.0,2.543,123.05414285714288,49.03230555555556,342,1499.658
0,7345,8655,669,0,0,0,0.9891526666666682,0.0876260000000001,0.0,0.0,200.60085714285643,15.058513888888887,342,1499.658
0,8000,8000,0,0,0,238,0.9306226666666684,0.34575066666666665,0.0,4.13,176.483375,60.708375,342,1499.658
0,8000,8000,0,0,0,425,0.9203793333333309,0.39132800000000045,0.0,7.769,172.18975,69.524,342,1499.658
0,8000,8000,0,0,0,482,0.9426606666666654,0.3927200000000002,0.0,7.887,176.574375,69.536625,342,1499.658
0,8000,8000,0,0,0,508,0.9172333333333336,0.39432533333333364,0.0,8.128,172.59625,69.5905,342,1499.658
0,8000,8000,95,0,0,509,0.965960666666672,0.39562333333333327,0.0,8.251,178.675375,69.640875,342,1499.658
0,8000,8000,0,0,0,445,0.9441133333333324,0.3927339999999996,0.0,7.999,178.825625,69.5695,342,1499.658
0,8000,8000,11,0,0,414,0.930699333333336,0.38913400000000026,0.0,7.502,173.21825,69.448875,342,1499.658
0,8000,8000,4,0,0,535,0.9730026666666662,0.39543399999999956,0.0,8.196,183.41575,69.66925,342,1499.658
0,8000,8000,77,0,0,449,0.9765526666666705,0.3924313333333335,0.0,7.771,181.8005,69.532125,342,1499.658
0,8000,8000,24,0,0,537,0.9847100000000016,0.39581066666666687,0.0,8.228,184.861125,69.66825,342,1499.658
0,8000,8000,0,0,0,584,0.965225333333332,0.400326,0.0,8.301,181.26875,69.70425,342,1499.658
0,8000,8000,8,0,0,610,0.9700126666666673,0.39982199999999984,0.0,8.216,181.47775,69.6555,342,1499.658
0,8000,8000,40,0,0,511,0.9803980000000012,0.3948959999999998,0.0,8.396,183.98375,69.68625,342,1499.658
0,8000,8000,7,0,0,543,0.9698960000000013,0.39800533333333327,0.0,8.229,182.073625,69.6585,342,1499.658
0,8000,8000,75,0,0,540,0.9836620000000055,0.39502666666666575,0.0,7.963,184.07,69.59075,342,1499.658
0,8000,8000,26,0,0,536,0.9741833333333338,0.3969533333333342,0.0,8.17,183.5115,69.61525,342,1499.658
0,8000,8000,0,0,0,547,0.899732666666668,0.3963146666666665,0.0,8.382,172.693375,69.683625,342,1499.658
0,8000,8000,0,0,0,440,0.7971493333333332,0.39304399999999995,0.0,8.293,151.44025,69.664375,342,1499.658
0,8000,8000,0,0,0,446,0.7219433333333317,0.39227733333333326,0.0,7.93,136.72875,69.58375,342,1499.658
0,8356,7644,0,0,0,956,0.7080239999999993,0.39953733333333374,0.0,8.499,131.13438888888894,69.78628571428577,342,1499.658
0,8215,7785,0,0,0,733,0.4328880000000006,0.39644399999999963,0.0,8.365,80.96919444444445,69.7327142857143,342,1499.658
0,8000,8000,0,0,0,488,0.4257646666666661,0.39382733333333364,0.0,8.076,80.000125,69.613,342,1499.658
0,8000,8000,0,0,0,517,0.3908453333333337,0.39529800000000054,0.0,8.263,73.464625,69.629,342,1499.658
0,8000,8000,0,0,0,457,0.36520000000000025,0.3931393333333334,0.0,8.166,68.80775,69.637875,342,1499.658
0,8000,8000,0,0,0,479,0.354972,0.39305600000000085,0.0,8.296,66.452,69.690625,342,1499.658
0,8000,8000,0,0,0,521,0.3852646666666668,0.39725800000000044,0.0,8.283,71.7205,69.678125,342,1499.658
0,8000,8000,0,0,0,585,0.3838053333333332,0.397904,0.0,8.436,72.128125,69.713375,342,1499.658
0,8000,8000,0,0,0,424,0.4047279999999993,0.3914086666666663,0.0,8.257,75.979625,69.6445,342,1499.658
0,8000,8000,0,0,0,489,0.38043266666666625,0.3942286666666661,0.0,7.998,71.133875,69.599375,342,1499.658
0,8000,8000,0,0,0,507,0.38479733333333277,0.39529866666666663,0.0,8.168,72.344125,69.63075,342,1499.658
0,8000,8000,0,0,0,440,0.3779913333333326,0.3909593333333334,0.0,8.077,70.9775,69.562375,342,1499.658
0,8000,8000,0,0,0,426,0.3512379999999993,0.389849999999999,0.0,7.371,66.243,69.398875,342,1499.658
0,8000,8000,0,0,0,514,0.33120266666666653,0.39584000000000025,0.0,8.101,62.37425,69.600375,342,1499.658
0,8000,8000,0,0,0,442,0.35644266666666713,0.3900853333333335,0.0,7.488,66.118875,69.459125,342,1499.658
0,8000,8000,0,0,0,462,0.37343266666666636,0.39387400000000017,0.0,7.632,69.95125,69.462625,342,1499.658
0,8000,8000,0,0,0,559,0.38736200000000065,0.3961226666666662,0.0,8.245,72.345875,69.625,342,1499.658
0,7441,8559,0,0,0,237,0.46631599999999973,0.32777866666666616,0.0,3.574,87.60482142857154,58.05136111111107,342,1499.658
0,8243,7757,0,0,0,358,0.7856946666666672,0.2410506666666664,0.0,2.547,147.57028968253974,42.81323214285711,342,1499.658
0,8000,8000,0,0,0,583,0.530277333333333,0.39959733333333325,0.0,8.467,100.35025,69.72425,342,1499.658
0,8000,8000,0,0,0,418,0.49376133333333266,0.3901820000000001,0.0,7.103,93.552625,69.343,342,1499.658
0,8000,8000,0,0,0,552,0.45621799999999896,0.3961186666666667,0.0,8.226,86.043125,69.66375,342,1499.658
0,8000,8000,0,0,0,559,0.37141600000000075,0.39779466666666696,0.0,8.485,70.890875,69.7255,342,1499.658
0,7105,8895,0,0,0,9,0.5970646666666661,0.22857866666666668,0.0,0.456,113.67260714285717,40.48094444444448,342,1499.658
0,8000,8000,0,0,0,0,0.8322560000000013,0.21426666666666672,0.0,0.113,155.434625,37.831125,342,1499.658
0,8000,8000,0,0,0,394,0.8785346666666668,0.38996533333333355,0.0,7.585,164.5,69.464875,342,1499.658
0,8000,8000,0,0,0,467,0.8983393333333345,0.3925413333333338,0.0,8.313,166.579125,69.653125,342,1499.658
0,8000,8000,2,0,0,531,0.9598833333333332,0.39651333333333333,0.0,8.372,180.261875,69.683125,342,1499.658
0,8000,8000,161,0,0,547,0.9820846666666728,0.3966366666666667,0.0,8.36,182.1415,69.6635,342,1499.658
0,8000,8000,1,0,0,450,0.9598413333333337,0.3929280000000003,0.0,7.944,182.403,69.558875,342,1499.658
0,8000,8000,0,0,0,387,0.8649413333333335,0.38841933333333306,0.0,8.026,163.159375,69.597375,342,1499.658
0,8000,8000,0,0,0,485,0.8968653333333344,0.3943133333333331,0.0,8.227,167.13675,69.641125,342,1499.658
0,8000,8000,0,0,0,514,0.9360433333333313,0.3952659999999998,0.0,7.983,174.824875,69.597125,342,1499.658
0,8000,8000,0,0,0,419,0.9090180000000004,0.3910933333333329,0.0,8.012,171.359125,69.595625,342,1499.658
0,8000,8000,0,0,0,500,0.9281126666666658,0.3936246666666664,0.0,7.833,172.840125,69.5465,342,1499.658
0,8000,8000,0,0,0,483,0.9620979999999995,0.3949213333333341,0.0,8.277,179.396625,69.683375,342,1499.658
0,8000,8000,32,0,0,507,0.9663460000000003,0.3948080000000001,0.0,8.193,182.495,69.625625,342,1499.658
0,8000,8000,0,0,0,488,0.8676099999999998,0.39427133333333314,0.0,8.184,165.910875,69.604625,342,1499.658
0,8000,8000,0,0,0,652,0.8236906666666652,0.4024106666666667,0.0,8.597,154.288,69.7705,342,1499.658
0,8000,8000,0,0,0,429,0.853127333333334,0.3890113333333336,0.0,7.445,160.309,69.400625,342,1499.658
0,8000,8000,0,0,0,439,0.8109106666666664,0.3904326666666657,0.0,7.467,153.264625,69.423625,342,1499.658
0,8000,8000,0,0,0,421,0.7660119999999991,0.3908326666666664,0.0,7.14,142.992,69.331,342,1499.658
0,8000,8000,0,0,0,606,0.8168800000000002,0.3998633333333335,0.0,8.312,152.883625,69.6785,342,1499.658
0,8000,8000,0,0,0,547,0.7985833333333343,0.39707199999999976,0.0,8.254,150.937,69.66975,342,1499.658
0,8000,8000,0,0,0,527,0.7551859999999999,0.3960559999999991,0.0,8.245,142.5915,69.6555,342,1499.658
0,8000,8000,0,0,0,576,0.7382093333333334,0.39769,0.0,8.289,138.07725,69.688625,342,1499.658
0,8000,8000,0,0,0,508,0.7794380000000009,0.39651799999999976,0.0,8.411,144.827,69.68775,342,1499.658
0,8000,8000,0,0,0,377,0.7996979999999985,0.38833199999999995,0.0,7.564,149.7445,69.4275,342,1499.658
0,8000,8000,0,0,0,612,0.7571593333333346,0.3995086666666667,0.0,8.157,143.22125,69.66425,342,1499.658
0,8000,8000,0,0,0,387,0.7920960000000018,0.3878413333333328,0.0,7.518,148.0735,69.46225,342,1499.658
0,8000,8000,0,0,0,503,0.8171826666666667,0.39572333333333337,0.0,8.473,150.279375,69.724,342,1499.658
0,8000,8000,0,0,0,553,0.8684233333333323,0.3971280000000005,0.0,8.437,162.8105,69.730625,342,1499.658
0,8000,8000,0,0,0,506,0.8504913333333325,0.3949919999999999,0.0,8.155,161.01575,69.624,342,1499.658
0,8000,8000,0,0,0,508,0.8529453333333338,0.3950493333333333,0.0,7.969,158.99825,69.571625,342,1499.658
0,8000,8000,0,0,0,500,0.8420026666666652,0.3950986666666664,0.0,8.146,158.63975,69.616875,342,1499.658
0,8000,8000,0,0,0,518,0.8233753333333349,0.3954133333333335,0.0,8.212,155.213625,69.627625,342,1499.658
0,8000,8000,0,0,0,504,0.7668233333333336,0.39502933333333323,0.0,8.13,145.136125,69.653125,342,1499.658
0,8000,8000,0,0,0,371,0.7579573333333325,0.38726199999999983,0.0,7.192,141.436625,69.30875,342,1499.658
0,8000,8000,0,0,0,448,0.7545700000000001,0.39194266666666655,0.0,8.064,142.705125,69.568375,342,1499.658
0,8000,8000,0,0,0,465,0.7008093333333344,0.39229466666666624,0.0,8.158,132.159125,69.61875,342,1499.658
0,8000,8000,0,0,0,578,0.7089946666666673,0.3984733333333336,0.0,8.281,132.265125,69.676125,342,1499.658
0,8000,8000,0,0,0,442,0.7395879999999991,0.3911493333333331,0.0,7.665,138.322375,69.44875,342,1499.658
0,8000,8000,0,0,0,565,0.7936919999999984,0.39763200000000043,0.0,8.113,146.312875,69.605625,342,1499.658
0,8000,8000,0,0,0,569,0.8271060000000007,0.3987633333333333,0.0,8.291,154.913625,69.66725,342,1499.658
0,8000,8000,0,0,0,592,0.8433453333333337,0.39853333333333263,0.0,8.299,157.948,69.6865,342,1499.658
0,8000,8000,0,0,0,481,0.8272779999999993,0.3939113333333331,0.0,8.164,156.01975,69.617375,342,1499.658
0,8000,8000,0,0,0,640,0.7694693333333326,0.40252866666666637,0.0,8.446,146.3135,69.702625,342,1499.658
0,8000,8000,0,0,0,495,0.7464886666666666,0.3951333333333336,0.0,8.318,140.533125,69.687875,342,1499.658
0,8000,8000,0,0,0,429,0.7100873333333335,0.3902413333333328,0.0,8.211,132.760125,69.646625,342,1499.658
0,8000,8000,0,0,0,416,0.7437106666666673,0.38929066666666673,0.0,7.784,138.57425,69.533,342,1499.658
0,8000,8000,0,0,0,497,0.7868006666666681,0.39517133333333343,0.0,7.857,146.6875,69.5605,342,1499.658
0,8000,8000,0,0,0,386,0.8182546666666667,0.3884586666666669,0.0,7.419,152.46425,69.421375,342,1499.658
0,8000,8000,0,0,0,488,0.831247999999998,0.3933819999999996,0.0,8.233,155.589125,69.59375,342,1499.658
0,8000,8000,0,0,0,484,0.822373333333332,0.3937646666666667,0.0,8.067,153.93625,69.61625,342,1499.658
0,8000,8000,0,0,0,418,0.8528693333333311,0.39112066666666734,0.0,8.052,160.272625,69.5585,342,1499.658
0,8000,8000,0,0,0,440,0.8235926666666661,0.39066599999999996,0.0,7.948,155.275375,69.594375,342,1499.658
0,8000,8000,0,0,0,430,0.8014386666666669,0.39144999999999963,0.0,7.949,150.60525,69.516625,342,1499.658
0,8000,8000,0,0,0,556,0.763686666666666,0.3976593333333328,0.0,8.036,145.0715,69.56725,342,1499.658
0,8000,8000,0,0,0,565,0.7336433333333339,0.3976140000000006,0.0,8.375,136.36075,69.7095,342,1499.658
0,7234,8766,415,0,0,67,0.8956153333333285,0.3080173333333338,0.0,1.93,176.2836428571426,54.56038888888895,342,1499.658
0,7000,8653,993,0,0,0,0.9946473333333286,0.0273760000000001,0.0,0.0,213.12614285714193,4.866168253968265,342,1499.658
0,7000,8433,1064,0,0,0,0.9948373333333266,0.002058666666666667,0.0,0.0,213.17585714285613,0.34622500000000017,342,1499.658
0,7000,8535,972,0,0,0,0.9945726666666618,0.002172666666666661,0.0,0.0,213.1381428571421,0.36524285714285676,342,1499.658
0,7000,8585,1061,0,0,0,0.9947899999999944,0.003269333333333323,0.0,0.0,213.15185714285633,0.5468936507936503,342,1499.658
0,7862,8056,259,0,0,0,0.9905986666666724,0.11435266666666669,0.0,0.0,192.04932142857143,20.284100793650797,342,1499.658
0,8000,8000,0,0,0,302,0.9630326666666663,0.3698080000000005,0.0,4.816,182.558375,65.342,342,1499.658
0,8000,8000,0,0,0,505,0.9348086666666681,0.3957640000000003,0.0,8.278,175.714,69.688375,342,1499.658
0,8000,8000,4,0,0,488,0.9524666666666679,0.39260133333333386,0.0,8.297,176.2965,69.6545,342,1499.658
0,8000,8000,19,0,0,499,0.9718900000000008,0.395800666666666,0.0,7.532,183.252375,69.461625,342,1499.658
0,8000,8000,48,0,0,567,0.9636180000000026,0.39696000000000026,0.0,8.372,179.563125,69.67275,342,1499.658
0,8000,8000,5,0,0,507,0.9746179999999999,0.39539066666666645,0.0,8.223,183.114875,69.626625,342,1499.658
0,8000,8000,16,0,0,534,0.9756313333333347,0.3959646666666664,0.0,8.148,183.156375,69.601875,342,1499.658
0,8000,8000,18,0,0,425,0.972887333333336,0.39132999999999984,0.0,8.158,181.88075,69.6385,342,1499.658
0,8000,8000,29,0,0,538,0.980009333333332,0.3968413333333332,0.0,8.213,184.507,69.644375,342,1499.658
0,8000,8000,64,0,0,355,0.9801006666666677,0.38678866666666595,0.0,7.454,183.515625,69.440875,342,1499.658
0,8000,8000,8,0,0,491,0.9693760000000019,0.39387866666666616,0.0,8.092,182.6375,69.586375,342,1499.658
0,8000,8000,35,0,0,498,0.9733446666666684,0.39386066666666664,0.0,8.298,181.1225,69.6565,342,1499.658
0,8000,8000,7,0,0,476,0.949134666666666,0.39373333333333355,0.0,8.086,180.537875,69.5845,342,1499.658
0,8000,8000,0,0,0,342,0.9255346666666665,0.38771800000000006,0.0,7.892,173.322625,69.536375,342,1499.658
0,8000,8000,0,0,0,420,0.9427393333333324,0.3906819999999991,0.0,8.202,176.11725,69.6095,342,1499.658
0,8000,8000,0,0,0,499,0.9094506666666679,0.3932713333333335,0.0,7.8,171.420875,69.4855,342,1499.658
0,8000,8000,0,0,0,456,0.8645566666666674,0.3925579999999994,0.0,7.939,162.981375,69.552,342,1499.658
0,8000,8000,0,0,0,530,0.8596339999999991,0.39681333333333396,0.0,8.372,161.879,69.673625,342,1499.658
0,8000,8000,0,0,0,534,0.8629466666666673,0.3963979999999996,0.0,8.342,161.7635,69.677375,342,1499.658
0,7643,8357,286,0,0,308,0.9306953333333292,0.3846920000000008,0.0,5.276,176.183875,67.39648611111106,342,1499.658
0,7610,8390,412,0,0,43,0.9848066666666715,0.296342,0.0,0.745,198.59330357142858,52.139986111111114,342,1499.658
0,8000,8000,46,0,0,595,0.9786153333333364,0.3994046666666666,0.0,8.492,182.61525,69.728625,342,1499.658
0,8000,8000,0,0,0,486,0.9542959999999976,0.3953506666666659,0.0,8.422,180.897125,69.721625,342,1499.658
0,8000,8000,0,0,0,537,0.9471306666666662,0.39600066666666683,0.0,8.246,176.837875,69.649125,342,1499.658
0,8000,8000,0,0,0,564,0.9489413333333353,0.398402666666666,0.0,8.5,178.195625,69.757125,342,1499.658
0,8000,8000,0,0,0,529,0.9467426666666662,0.39630133333333395,0.0,8.341,176.815875,69.659125,342,1499.658
0,8000,8000,20,0,0,479,0.9559806666666656,0.3929020000000002,0.0,7.757,181.163875,69.501625,342,1499.658
0,8000,8000,0,0,0,400,0.934401333333335,0.38931466666666625,0.0,7.99,175.033125,69.542375,342,1499.658
0,8000,8000,0,0,0,471,0.9362626666666657,0.392907333333333,0.0,8.171,174.003625,69.63225,342,1499.658
0,8000,8000,0,0,0,480,0.9711406666666673,0.3931833333333332,0.0,7.83,181.94775,69.519875,342,1499.658
0,8000,8000,35,0,0,411,0.9761546666666671,0.39076533333333296,0.0,8.031,182.464,69.618375,342,1499.658
0,8000,8000,51,0,0,583,0.9815446666666676,0.398139333333333,0.0,7.975,184.6305,69.584875,342,1499.658
0,8000,8000,6,0,0,472,0.9681733333333342,0.3940406666666664,0.0,8.15,181.5025,69.650375,342,1499.658
0,8000,8000,61,0,0,525,0.9671786666666704,0.3955673333333329,0.0,8.072,180.428125,69.612375,342,1499.658
0,8000,8000,8,0,0,589,0.9779260000000009,0.39995333333333305,0.0,8.492,183.5955,69.751375,342,1499.658
0,8000,8000,31,0,0,597,0.9662133333333339,0.39917533333333355,0.0,8.506,182.264125,69.7305,342,1499.658
0,8000,8000,0,0,0,528,0.9586300000000002,0.39645400000000014,0.0,8.087,178.81625,69.6155,342,1499.658
0,8000,8000,47,0,0,653,0.9812506666666674,0.4020273333333334,0.0,8.57,184.553,69.740375,342,1499.658
0,8000,8000,98,0,0,386,0.9768586666666697,0.38809133333333395,0.0,7.341,182.644,69.393125,342,1499.658
0,8000,8000,3,0,0,464,0.9737659999999998,0.39264599999999994,0.0,8.248,182.716375,69.641125,342,1499.658
0,8000,8000,0,0,0,430,0.9489406666666665,0.3908306666666666,0.0,7.871,179.40975,69.559875,342,1499.658
0,8000,8000,0,0,0,443,0.9611126666666658,0.3928720000000001,0.0,7.972,179.366875,69.57675,342,1499.658
0,8000,8000,1,0,0,484,0.9705273333333331,0.3924253333333324,0.0,7.941,181.71325,69.53425,342,1499.658
0,8000,8000,17,0,0,421,0.9748026666666669,0.39098399999999994,0.0,8.023,182.47225,69.578,342,1499.658
0,8000,8000,24,0,0,565,0.9781060000000021,0.3978313333333332,0.0,8.137,183.4075,69.641875,342,1499.658
0,8000,8000,91,0,0,469,0.9865646666666701,0.3940806666666657,0.0,8.291,184.37075,69.671,342,1499.658
0,8000,8000,14,0,0,575,0.9641839999999986,0.3967086666666666,0.0,8.323,181.992,69.66675,342,1499.658
0,8000,8000,0,0,0,445,0.9568893333333336,0.39226266666666626,0.0,7.958,179.196625,69.54725,342,1499.658
0,8000,8000,84,0,0,383,0.976507333333337,0.3901973333333326,0.0,8.105,182.26925,69.62325,342,1499.658
0,8000,8000,32,0,0,522,0.9746500000000029,0.39475999999999983,0.0,7.871,183.312,69.567625,342,1499.658
0,8000,8000,4,0,0,468,0.9637413333333338,0.39305533333333276,0.0,8.125,180.157875,69.622375,342,1499.658
0,8000,8000,0,0,0,500,0.9705159999999997,0.39633666666666695,0.0,8.165,182.708625,69.642125,342,1499.658
0,8000,8000,65,0,0,564,0.9802540000000012,0.395914666666666,0.0,8.348,183.1705,69.67575,342,1499.658
0,8000,8000,60,0,0,532,0.9824293333333333,0.3970753333333336,0.0,8.096,184.34075,69.64925,342,1499.658
0,8000,8000,15,0,0,530,0.9711539999999996,0.39657866666666713,0.0,8.373,182.88625,69.676625,342,1499.658
0,8000,8000,0,0,0,512,0.9657426666666661,0.3941606666666672,0.0,8.224,180.476,69.63375,342,1499.658
0,8000,8000,21,0,0,454,0.9655613333333324,0.39224466666666685,0.0,7.885,181.868,69.545375,342,1499.658
